measure	subject	trial_001	trial_002	trial_003	trial_004	trial_005	trial_006	trial_007	trial_008	trial_009	trial_010	trial_011	trial_012	trial_013	trial_014	trial_015	trial_016	trial_017	trial_018	trial_019	trial_020	trial_021	trial_022	trial_023	trial_024	trial_025	trial_026	trial_027	trial_028	trial_029	trial_030	trial_031	trial_032	trial_033	trial_034	trial_035	trial_036	trial_037	trial_038	trial_039	trial_040	trial_041	trial_042	trial_043	trial_044	trial_045	trial_046	trial_047	trial_048	trial_049	trial_050	trial_051	trial_052	trial_053	trial_054	trial_055	trial_056	trial_057	trial_058	trial_059	trial_060	trial_061	trial_062	trial_063	trial_064	trial_065	trial_066	trial_067	trial_068	trial_069	trial_070	trial_071	trial_072	trial_073	trial_074	trial_075	trial_076	trial_077	trial_078	trial_079	trial_080	trial_081	trial_082	trial_083	trial_084	trial_085	trial_086	trial_087	trial_088	trial_089	trial_090	trial_091	trial_092	trial_093	trial_094	trial_095	trial_096	trial_097	trial_098	trial_099	trial_100	trial_101	trial_102	trial_103	trial_104	trial_105	trial_106	trial_107	trial_108	trial_109	trial_110	trial_111	trial_112	trial_113	trial_114	trial_115	trial_116	trial_117	trial_118	trial_119	trial_120
Value	1	0.849461443333	0.847627689333	0.849424025333	0.845252683333	0.872491818	0.824451830667	0.886156016	0.860925403333	0.849254967333	0.860288653333	0.873012148	0.832367	0.810805549333	0.860039189333	0.857623997333	0.848838374	0.881560012	0.850328902	0.834686264	0.864350338	0.835099734667	0.845396974667	0.853720197333	0.832585392	0.875987414667	0.85473496	0.834045813333	0.859574614667	0.834308534	0.846186145333	0.860085475333	0.866240258667	0.792687036	0.885436852667	0.850843407333	0.863182052	0.850008338667	0.857009287333	0.849125191333	0.864198896	0.84732527	0.851021111333	0.882915708	0.851216133333	0.880560474667	0.847946648667	0.887959302	0.869685870667	0.84882419	0.857285316	0.890276605333	0.835796008667	0.845626602	0.865841727333	0.861592945333	0.844934086	0.881074359333	0.821148088	0.835579035333	0.881780190667	0.832870423333	0.84769859	0.879231432	0.834615114	0.880685151333	0.873223652	0.865642416667	0.867143739333	0.863433069333	0.846332944	0.861148799333	0.890337384	0.834856797333	0.876982032	0.874086115333	0.867663404	0.876998893333	0.868256077333	0.883201934	0.892849460667	0.850381754667	0.851057538	0.881242976	0.851599472	0.882650061333	0.847942706667	0.885058838667	0.863558522	0.85320716	0.871799466667	0.896213107333	0.835446986667	0.851437483333	0.870387528	0.871241000667	0.850867186	0.880415304667	0.857997752667	0.834132914	0.89197493	0.836762295333	0.851910355333	0.884394349333	0.833795578	0.887515734667	0.884005594	0.869066512667	0.867363202667	0.865640858667	0.857513811333	0.863049404	0.891140501333	0.831617672	0.891200712	0.882270704667	0.86901923	0.853940322	0.866373946	0.881412390667	0.89338836
Value	2	0.851778811333	0.847392683333	0.858345900667	0.847709746	0.849327612	0.839769026	0.847788946667	0.854928859333	0.857003208667	0.847509436	0.852772636667	0.849203883333	0.851837724667	0.853619310667	0.856592866	0.846038399333	0.845371873333	0.849953232667	0.854922677333	0.840104681333	0.853803002	0.850415157333	0.847958134	0.840801212667	0.852515139333	0.83863482	0.845297840667	0.82850662	0.860547106	0.862442721333	0.828540882	0.851151442667	0.859236426667	0.859519084	0.857756498667	0.856067754	0.842810626667	0.852971302	0.860208705333	0.857761642667	0.852937016667	0.861137384	0.856869551333	0.829070222	0.850790163333	0.83259906	0.851178132	0.842502158667	0.845198743333	0.826745520667	0.852085004	0.830527498	0.852541002667	0.854747528667	0.857576406667	0.826588547333	0.847193807333	0.85135632	0.859803248	0.838303197333	0.850407440667	0.851000901333	0.829738622667	0.850589878	0.851113233333	0.852684505333	0.843946603333	0.844812582667	0.860874235333	0.860651734667	0.845757152	0.850149623333	0.861713447333	0.858987017333	0.85908006	0.855999884	0.857287533333	0.851929591333	0.859550632	0.858431390667	0.852293808667	0.861331402	0.856054644	0.844718644	0.84975195	0.8519767	0.850963523333	0.857930874667	0.859687435333	0.845420188667	0.85184072	0.848184092667	0.853463007333	0.854067512	0.85562521	0.845338883333	0.849892996	0.849433164	0.857909058667	0.854251584667	0.852449484667	0.848075006	0.845974660667	0.850350456	0.850947554	0.854071416	0.84688679	0.848347346	0.859983636667	0.860684000667	0.845439803333	0.850402203333	0.860983802667	0.860976277333	0.856717054667	0.857803186667	0.857640028	0.849578096667	0.862048883333	0.842479268667
Value	3	0.816497386	0.828412830667	0.824154123333	0.800276264	0.812830208	0.804757390667	0.804641735333	0.823893789333	0.835629698	0.796493508667	0.777409700667	0.776775834	0.779896768667	0.783817586667	0.829136793333	0.797355509333	0.798440084667	0.802154278	0.790112778	0.787331818	0.811625738	0.764948321333	0.759090486667	0.765369450667	0.781224526	0.819237023333	0.74953433	0.801079215333	0.799544701333	0.799435634	0.757440828667	0.778367530667	0.806765166	0.808763400667	0.788714005333	0.792392486667	0.798539188667	0.809149536667	0.825754756667	0.833209938	0.815688988	0.830008712	0.827086964667	0.79395017	0.809775838667	0.807967453333	0.807099842	0.822547785333	0.832798354	0.792795630667	0.815876570667	0.804687397333	0.813712656667	0.821519641333	0.828657559333	0.800169678667	0.802580973333	0.809061576667	0.828372672	0.818937494	0.817267444667	0.803469152	0.794346285333	0.808957526667	0.815305529333	0.823612698	0.794413596667	0.797834021333	0.837046650667	0.836544082667	0.801039782667	0.769570464	0.827807572667	0.828933282	0.825080050667	0.829934588	0.784025993333	0.775399619333	0.799974883333	0.839467446667	0.815094015333	0.830390103333	0.824864677333	0.796812361333	0.808888676667	0.807489768667	0.809675646	0.832465036	0.836336103333	0.797685176	0.816790604	0.806761778	0.817807134667	0.817797104	0.830326791333	0.794896052	0.800059189333	0.815386792667	0.827327888	0.82057458	0.816225862667	0.807051357333	0.800037374	0.808295362667	0.819312198	0.818458471333	0.801530626	0.796345606	0.838293031333	0.83684745	0.797710255333	0.807907244667	0.833469406	0.833390993333	0.82947148	0.829533389333	0.828082371333	0.817869404	0.839037986	0.838347994667
Value	4	0.774555859333	0.775041192667	0.778291802	0.647503075333	0.733485971333	0.689125805333	0.749977220667	0.736058737333	0.775558760667	0.670608774	0.700271458	0.688542418	0.706835842667	0.746578093333	0.729932752	0.640451254	0.7071777	0.695397736	0.732067842667	0.717209146667	0.706616345333	0.733561704667	0.714282073333	0.755402744	0.711684130667	0.766926966667	0.654504032	0.620717472667	0.794212913333	0.753625025333	0.663747188667	0.693516202667	0.799676926	0.79996712	0.793192438667	0.735187146667	0.739186713333	0.738801158	0.796820628	0.754299966667	0.773128675333	0.804421496	0.793905869333	0.712165423333	0.744546264667	0.731897574667	0.737201266	0.792981966667	0.808051666	0.653772299333	0.754356436667	0.68632238	0.770817658	0.709674843333	0.737877935333	0.647836625333	0.717261055333	0.666558304667	0.729871256	0.742460569333	0.76309863	0.745686126667	0.634533468	0.744490492667	0.778893252667	0.711649599333	0.620514048	0.719986365333	0.810616526	0.816677358667	0.624772722	0.748885284667	0.810343271333	0.786216364	0.784589443333	0.78916377	0.732154209333	0.743483320667	0.803744386	0.808087064667	0.77632411	0.803408726667	0.790702372667	0.724026854667	0.747211145333	0.732016151333	0.746172702667	0.795146570667	0.806701232	0.714850862667	0.772975912667	0.754499374	0.764801989333	0.77357462	0.801188491333	0.715917024	0.714951477333	0.743668244	0.792885031333	0.778556168	0.778289436	0.751982173333	0.730864776	0.755222034	0.782129189333	0.779399443333	0.705504695333	0.722485787333	0.822466319333	0.814046194	0.650371786	0.752083072667	0.808578221333	0.81175654	0.794923545333	0.788838092	0.800559143333	0.774023746	0.814459511333	0.812031470667
Value	5	0.834172	0.838135725333	0.805733782667	0.713834494667	0.793891950667	0.800228394	0.798267372667	0.830054193333	0.853732104667	0.734819277333	0.82245873	0.740110105333	0.822546706	0.807461720667	0.839671112	0.705982496667	0.728255255333	0.809439316667	0.806156319333	0.806909387333	0.818962035333	0.785423791333	0.713854764667	0.736715421333	0.814904206	0.809623343333	0.716824194	0.768566786	0.841017397333	0.845987165333	0.77605763	0.755989657333	0.820096265333	0.834100328667	0.808425208	0.817919465333	0.816399220667	0.784500885333	0.824451796	0.837029935333	0.832514358	0.853003427333	0.84295079	0.770009328667	0.802472346	0.800601314	0.804441206	0.849723814	0.861634064	0.772054514	0.82566214	0.795210687333	0.813098364667	0.824274404	0.808934014667	0.710740860667	0.701461896667	0.804540926	0.84211065	0.76346235	0.82582215	0.795027275333	0.778926343333	0.799314736667	0.774735993333	0.820598806	0.776565213333	0.710080329333	0.85447522	0.86032732	0.702622412	0.736031681333	0.830475315333	0.834409230667	0.838640026667	0.844451421333	0.849428888667	0.783927187333	0.840906191333	0.850699792	0.834581341333	0.862458472667	0.838993642	0.780372485333	0.797886865333	0.798791605333	0.805490758667	0.846686091333	0.857788682	0.780247870667	0.827932928667	0.804152786667	0.825954736667	0.826204239333	0.853169939333	0.770591874667	0.785830758667	0.808628360667	0.848097584	0.833700292667	0.831291484	0.802208360667	0.780050596	0.811350294	0.770136477333	0.764310368	0.781936183333	0.772232968	0.856815515333	0.863811397333	0.773745616	0.813647183333	0.868310704667	0.866524625333	0.850189193333	0.848106788667	0.851452676667	0.818106266667	0.870850962	0.864111425333
Value	6	0.886058349333	0.886343003333	0.868659875333	0.781939285333	0.847789383333	0.856094905333	0.847824555333	0.883283197333	0.898723525333	0.824297948	0.857208802	0.843848983333	0.870885826	0.862913504	0.870774885333	0.824514922667	0.833110831333	0.811986944667	0.88105137	0.845766306667	0.843416473333	0.843758929333	0.826306615333	0.844866182	0.872245695333	0.843735626667	0.821485179333	0.826185812	0.882033277333	0.890668005333	0.825991654667	0.847968044	0.877645600667	0.889625168667	0.868776733333	0.881574932	0.885641695333	0.852093056667	0.880410922667	0.880544068	0.886039000667	0.90191115	0.891871637333	0.829518656	0.800413129333	0.809875837333	0.796750458667	0.861410618667	0.896645393333	0.828337856667	0.879168119333	0.8499764	0.880309738667	0.861507812667	0.886739714667	0.826465395333	0.825177305333	0.849595528	0.889099024667	0.877828121333	0.863506323333	0.850135024	0.828442230667	0.853215946667	0.873522211333	0.877264508	0.825517498667	0.825939864667	0.900106999333	0.888630663333	0.828786590667	0.848615406667	0.902003938	0.902334674667	0.895915112	0.893375879333	0.893079172	0.842388704	0.896017424	0.904792522667	0.885006105333	0.902540452	0.887242739333	0.822230586667	0.853439069333	0.847342746667	0.851962215333	0.897602040667	0.908164622667	0.833703635333	0.881911944	0.853901717333	0.877595104	0.876506292	0.872357110667	0.763922556667	0.759059644	0.802315554	0.867234562	0.879697714	0.880026529333	0.849185824	0.830472042667	0.85991127	0.879716725333	0.868470908667	0.832380918667	0.827627135333	0.91054027	0.905155377333	0.821055587333	0.859050522	0.906809118667	0.905988584667	0.892952148	0.893221883333	0.891616109333	0.882654290667	0.90375539	0.889258517333
Value	7	0.769253818667	0.776338388	0.748374278667	0.692009991333	0.710904456667	0.700975796	0.765878915333	0.780160904	0.781878559333	0.73966569	0.726442394	0.713349183333	0.779735492	0.718127081333	0.739882058667	0.744754859333	0.742470862	0.756406890667	0.769041220667	0.76690229	0.76631951	0.764776268667	0.705805719333	0.705562132667	0.764966612667	0.722145638	0.74534568	0.710082494	0.754953035333	0.753965512	0.704976959333	0.702291601333	0.788489998667	0.779100989333	0.777342988	0.77877497	0.732782773333	0.768840402667	0.782630386	0.781045694667	0.748641434667	0.759588984	0.739833932	0.681537565333	0.703069486	0.761805271333	0.753588636	0.741963271333	0.752432275333	0.684553122	0.778088525333	0.761555642667	0.77064627	0.716337994667	0.786020825333	0.746364756667	0.687692922	0.766313143333	0.789165258	0.776490764667	0.772524873333	0.695801984667	0.689657568667	0.758359921333	0.784698802667	0.726626614	0.680188536	0.678511569333	0.802104086	0.786596207333	0.751756893333	0.763909086	0.788749446667	0.786962228667	0.776308841333	0.781838632667	0.740308141333	0.776217492	0.787103292667	0.781190350667	0.772437916	0.792413825333	0.779925580667	0.747462282	0.761562393333	0.756150434	0.765538390667	0.788159682	0.791509447333	0.750120930667	0.770902882667	0.761941364	0.771872387333	0.779317158667	0.792104494	0.744498298	0.756749944	0.762065992667	0.785466307333	0.717210962667	0.781660994	0.756443304	0.743775272667	0.760378992667	0.774028420667	0.772757288667	0.748596333333	0.746775407333	0.801079844	0.791445492	0.750899164	0.764237517333	0.799829292667	0.799174264	0.783632642667	0.789161181333	0.783022256667	0.711599605333	0.799770304	0.800085595333
Value	8	0.927244338	0.916026615333	0.918541407333	0.845148037333	0.883504532	0.903410319333	0.904673994667	0.916790638	0.933373526667	0.870126884	0.893894485333	0.895551063333	0.915647179333	0.899486004	0.906384838667	0.869871764	0.857243370667	0.896892806	0.913833023333	0.906570133333	0.915331196667	0.883581505333	0.871158060667	0.880316267333	0.916667280667	0.896503317333	0.874279696	0.871011845333	0.936259386	0.930005288	0.871399388	0.88478386	0.926381534	0.914206512667	0.907321266	0.917579163333	0.913486270667	0.889446772667	0.93009175	0.917977079333	0.928360476	0.939250951333	0.933499439333	0.873918284	0.912339368667	0.888064764667	0.896918533333	0.934754992667	0.937549810667	0.872011726	0.918774815333	0.882896309333	0.897145447333	0.911866606667	0.924238937333	0.870397155333	0.843294053333	0.903376122	0.933864089333	0.897440096667	0.914464040667	0.899766634667	0.877293308	0.889711012	0.919305617333	0.901808384	0.872012591333	0.874992278	0.940686978	0.915779555333	0.872060112	0.878543998	0.916719807333	0.928211535333	0.921702399333	0.924468458667	0.923264223333	0.918199534667	0.937540094667	0.937078114667	0.928342975333	0.937278357333	0.933261307333	0.874560405333	0.907146257333	0.887885786667	0.904050780667	0.936208328667	0.937396216	0.879201438667	0.923967790667	0.907845130667	0.923919943333	0.925460423333	0.935285695333	0.873549396	0.895405355333	0.905910000667	0.932248665333	0.918092862667	0.920988146	0.903890168	0.881696112	0.908838982	0.926512553333	0.926058267333	0.868621771333	0.880110993333	0.940451276	0.939437588	0.868382642667	0.906050292667	0.940320497333	0.937146710667	0.927359177333	0.931675171333	0.930310318	0.922017556667	0.939998812667	0.938187986667
Value	9	0.843936144667	0.849678204	0.830645919333	0.811032406	0.839332620667	0.842388732667	0.839381726	0.831297323333	0.849100696	0.827512721333	0.843474518667	0.842750654667	0.834173452	0.844765342667	0.848221228667	0.837866536	0.836337972	0.842502664	0.826524284	0.844112856	0.844740454	0.822474788667	0.814762973333	0.837921503333	0.820743908667	0.844226754667	0.81194722	0.819208698667	0.831152130667	0.834411680667	0.836159351333	0.825216672667	0.828300502	0.849374595333	0.831998319333	0.850803532	0.848934478	0.824701638	0.849433048667	0.850832707333	0.84384926	0.850769832	0.847967945333	0.838524212667	0.841133944667	0.842049460667	0.84053878	0.850763915333	0.852476572667	0.837133792667	0.823804947333	0.843742283333	0.845289513333	0.84536136	0.847829027333	0.83688251	0.837233308667	0.84030504	0.828253171333	0.846349728	0.84483196	0.839983656667	0.837248595333	0.839443554667	0.843976330667	0.843611054	0.837299884	0.835600478667	0.83195142	0.855704857333	0.836427261333	0.836950574667	0.855149806667	0.853192752667	0.848163683333	0.853841592	0.848344652	0.844849443333	0.852388385333	0.854362044	0.842506551333	0.850294831333	0.850237423333	0.839607922667	0.841353796	0.838837075333	0.842144414667	0.848446385333	0.852090696	0.833962976	0.846403626667	0.840228296667	0.846706950667	0.844905501333	0.849323965333	0.838973470667	0.835594442667	0.839201486	0.849738642	0.850891280667	0.844890350667	0.837209504	0.837267771333	0.840737716	0.846593694667	0.846124576667	0.838031714667	0.834696842667	0.854518412667	0.852918066667	0.838600139333	0.840495684	0.847763043333	0.854775566	0.849840140667	0.849729942667	0.848473320667	0.843728687333	0.849504129333	0.856235657333
Value	10	0.942951436	0.906775568667	0.905322275333	0.827929918667	0.828773699333	0.830275398667	0.909113497333	0.938188878	0.909525558667	0.820765190667	0.863283218	0.882120591333	0.925954288667	0.873607864667	0.887837005333	0.825540671333	0.818349263333	0.826507274	0.935940605333	0.922855182667	0.870742071333	0.832533396	0.824768552667	0.939312629333	0.870270029333	0.869016194667	0.836396001333	0.82514913	0.908302274667	0.921676153333	0.823772074667	0.82833889	0.939088748667	0.908219291333	0.90437629	0.887564178	0.889267909333	0.859252794667	0.905155880667	0.905321839333	0.942948630667	0.940108933333	0.927837746667	0.854229582667	0.939300994	0.843777442	0.918609540667	0.940768761333	0.939647707333	0.814873662667	0.940896468	0.830943493333	0.861578338	0.912584466	0.932351256667	0.82328772	0.89141918	0.919084866	0.941735552667	0.939196692	0.867647114	0.882718455333	0.846483973333	0.935429870667	0.880430763333	0.922094699333	0.819225053333	0.879580118	0.942871626667	0.934329300667	0.811930781333	0.936892196	0.942638955333	0.906231248	0.889024221333	0.912950398667	0.921543073333	0.906732775333	0.938145852667	0.938577117333	0.942952740667	0.941028650667	0.929937803333	0.84538465	0.94002932	0.840022445333	0.914366913333	0.940827622	0.939232814	0.846599392667	0.941820734667	0.937377207333	0.941970916667	0.94197065	0.942705488	0.816242549333	0.872723098	0.939722605333	0.942716924	0.929517630667	0.936766788667	0.930423689333	0.872662490667	0.940032428667	0.942434888	0.942515456	0.877146042667	0.870100808667	0.942941938	0.93221128	0.817480324667	0.938515364	0.942813862667	0.936244001333	0.921824538	0.925593099333	0.929168584	0.919519944667	0.939972113333	0.938116658
Value	11	0.929811597333	0.934836159333	0.933339982667	0.922686034667	0.928336701333	0.927901239333	0.927424167333	0.933738576	0.934760967333	0.924100763333	0.929933808667	0.927378205333	0.930948998	0.930175446	0.931465571333	0.911812413333	0.925779408667	0.926110720667	0.933515774	0.91853691	0.929148126	0.909883904667	0.921250378667	0.926164237333	0.930676734	0.929452798667	0.923421051333	0.925064562	0.922916984	0.935169722	0.922345854667	0.925208694667	0.937336372	0.935816288	0.931873252667	0.932091456	0.931528153333	0.931416854	0.922675606667	0.934108714667	0.931031104	0.935940583333	0.93218911	0.922472102667	0.924661274	0.925237739333	0.927525980667	0.93303263	0.937068798	0.92381407	0.928342014	0.927837139333	0.929382428667	0.930278365333	0.933368982667	0.923902028667	0.921462532667	0.92553753	0.932962480667	0.928242698667	0.928237857333	0.925405102667	0.92270456	0.925561520667	0.930023389333	0.928353060667	0.907725028667	0.922132301333	0.935767742667	0.935842462	0.922374229333	0.927744191333	0.935405664	0.935532482667	0.933147465333	0.933867506667	0.931952868	0.928015618667	0.937606723333	0.934206676	0.931650103333	0.934923370667	0.933036915333	0.923106718667	0.926521409333	0.925964515333	0.926000126	0.931131092	0.935869078	0.920669392667	0.931143636667	0.926435686667	0.929712417333	0.928462227333	0.931914001333	0.922757191333	0.922029879333	0.926502153333	0.933638160667	0.929507182667	0.930081911333	0.927424486667	0.920905681333	0.925577631333	0.928077534667	0.930316268	0.9207751	0.922247742	0.936160288667	0.935134533333	0.922466468	0.924933330667	0.936411776	0.936359422	0.934251711333	0.932902889333	0.933566942	0.929662808	0.935564811333	0.936419115333
Value	12	0.82607645	0.835450104	0.836601654	0.802741012667	0.766868112667	0.816436054	0.819880509333	0.83438317	0.840970428667	0.807969404	0.821434586	0.81273186	0.827571817333	0.82621808	0.797930552	0.775151677333	0.760652451333	0.817033686	0.837045226	0.827141858	0.828203337333	0.813166329333	0.776429911333	0.81108714	0.829372879333	0.821798028	0.802438068667	0.757063348	0.840103515333	0.841476987333	0.749701392667	0.819580264667	0.844126331333	0.839329719333	0.796778666	0.830611624667	0.829159606	0.820372768667	0.842071777333	0.837744803333	0.830809522	0.843664188	0.838767154	0.803728456	0.824021296667	0.779313014	0.764841626	0.835451146667	0.843513966	0.808589437333	0.823098342667	0.769204188667	0.824459182667	0.830741734667	0.830833194667	0.805229584	0.806896288667	0.777397424	0.837325963333	0.831679184	0.788919003333	0.785494418667	0.806188044	0.814202786667	0.790060100667	0.779468926	0.767596549333	0.804666656	0.848594772	0.847029614	0.808890460667	0.764349700667	0.847642246667	0.844807120667	0.83538431	0.835454612	0.837527562	0.785787152667	0.838759018667	0.84941713	0.825214049333	0.845648436667	0.836747446	0.806485112	0.809614392	0.775358646	0.818399626	0.838314441333	0.844504996	0.811280944	0.832630242	0.811360024667	0.775346354667	0.830689769333	0.839328502	0.808451852	0.798958493333	0.822690980667	0.837933663333	0.826153528	0.831504756667	0.813005816667	0.807137783333	0.817073096	0.83690342	0.832782373333	0.811838445333	0.810526612667	0.848157003333	0.853500802	0.750474832	0.818252179333	0.847688281333	0.845383929333	0.838751697333	0.835395634667	0.786898131333	0.830651656	0.85107547	0.849964426
Value	13	0.798551225333	0.811096325333	0.780117654	0.790633582667	0.792223099333	0.768998031333	0.793710076667	0.805588578667	0.813646847333	0.783665514667	0.775293475333	0.79456256	0.774556294	0.797492882	0.811362592	0.78481945	0.758706286667	0.753636937333	0.804903696667	0.797663837333	0.776226387333	0.768593436667	0.783676335333	0.756435582	0.773345018667	0.764067756	0.784146714	0.783278672	0.790050566667	0.784632350667	0.757524470667	0.767251913333	0.809943672	0.788375793333	0.808151256	0.773961298	0.810591668667	0.772307616667	0.809177982	0.787715204667	0.801153707333	0.817125682667	0.806271622667	0.785807032	0.79249193	0.791774647333	0.795721656	0.807330437333	0.818158584667	0.781289803333	0.797750788667	0.79062646	0.775299933333	0.764678606667	0.813988876	0.781629722	0.786678612	0.751909114	0.773312858	0.759990763333	0.807907724	0.791404211333	0.787682008	0.791568906667	0.802872492667	0.796634612667	0.784613948667	0.742974677333	0.812936585333	0.818253892667	0.782014800667	0.754736706	0.788327938	0.816122126667	0.815263242667	0.805195212	0.810545589333	0.798034665333	0.821064707333	0.816740444	0.798910464667	0.81228984	0.806534855333	0.789281916	0.797762558667	0.79480231	0.794403383333	0.804770209333	0.81849534	0.785480034	0.800412973333	0.798007558667	0.806844776	0.802552926	0.809803438667	0.785440736	0.781759952	0.793216892667	0.77430023	0.804308118667	0.807161462667	0.79445535	0.783957562	0.798158002667	0.805197754	0.800588107333	0.789064333333	0.782981192667	0.814600915333	0.81377081	0.786676907333	0.795148942667	0.820667903333	0.821710802	0.814029794667	0.812886825333	0.811656418	0.803373408	0.819393914667	0.821301812
Value	14	0.924890732667	0.925066842667	0.925416770667	0.862311532	0.911837615333	0.908362498667	0.907305554	0.929165028667	0.929325252667	0.899249209333	0.91742594	0.905308258667	0.914152458667	0.922587242	0.920712918667	0.900087622667	0.897445494	0.907688439333	0.927542388667	0.917677028	0.913494152667	0.909604224667	0.897111728	0.907470184	0.916275139333	0.914788937333	0.864569608	0.898345443333	0.931100948667	0.933364044	0.896704498	0.906077072667	0.927791000667	0.93108403	0.925097745333	0.922557684667	0.920309010667	0.917377830667	0.928157510667	0.931351305333	0.923644334	0.933106156	0.901954988667	0.897344598	0.910272034	0.907658838	0.913478142667	0.931719269333	0.93144831	0.894480953333	0.916680488667	0.90879726	0.916443587333	0.921066550667	0.907417002	0.899437708	0.859609025333	0.904063532	0.929641672	0.887166500667	0.914800254	0.908833562667	0.898886300667	0.907376014667	0.884675580667	0.918595409333	0.897476745333	0.856291769333	0.930128563333	0.93731463	0.896138140667	0.86593535	0.937791448667	0.935252736667	0.924068366667	0.895640242	0.926891622	0.91626874	0.938177094667	0.931604713333	0.923802610667	0.933219151333	0.927267682667	0.896762789333	0.910617203333	0.905754740667	0.911209099333	0.927609949333	0.930423554	0.896405027333	0.920071716667	0.912807706	0.921262308	0.919341702	0.927442555333	0.897056036667	0.897340795333	0.911148876667	0.929293960667	0.921239899333	0.92138722	0.909389159333	0.894601873333	0.910346756667	0.917171124667	0.919070423333	0.891036134	0.89751255	0.936608746667	0.936376516667	0.90049073	0.909945286667	0.935216367333	0.93430235	0.927857966	0.929081645333	0.92971515	0.921188556	0.935119104	0.936019676
Value	15	0.874240188	0.871752595333	0.873029647333	0.813538658	0.838534924667	0.838511070667	0.829317255333	0.881307782	0.892990475333	0.783512022	0.822881259333	0.834650800667	0.860269494	0.851777424667	0.843198089333	0.764096409333	0.774256318	0.840261942	0.883691579333	0.820856625333	0.82993178	0.830745836	0.7507188	0.841354557333	0.811893949333	0.825439393333	0.816675738667	0.769676383333	0.894322812	0.855998866	0.762226722667	0.832079964667	0.869442185333	0.879550662	0.839663545333	0.840782296	0.873734464	0.861054982667	0.890663750667	0.853545778	0.878571040667	0.894619808667	0.879516238	0.742269932	0.790913945333	0.841767185333	0.844721762	0.870127119333	0.891929560667	0.781928325333	0.86237133	0.842643715333	0.855294197333	0.859924098667	0.868467210667	0.813432114667	0.809856048667	0.838058872667	0.877767318	0.867375731333	0.862229734667	0.83607826	0.745264823333	0.837362328	0.865930375333	0.864811056667	0.817168104	0.822806747333	0.89147943	0.876722135333	0.816046067333	0.839709885333	0.890420818667	0.890753064667	0.883573313333	0.876736146	0.877581927333	0.862956240667	0.895025128	0.895503230667	0.876590354	0.890506688667	0.878349104667	0.819671899333	0.842326448667	0.836989217333	0.836920528667	0.880536966	0.895646970667	0.820919192667	0.866381744667	0.840960811333	0.86966034	0.866377608667	0.876612035333	0.813565836	0.821358914	0.848672264667	0.887693449333	0.871808219333	0.868452460667	0.856615512667	0.822664906	0.847205219333	0.865655254667	0.858656637333	0.815979212667	0.815609505333	0.892714583333	0.898501178667	0.813368252667	0.840960550667	0.895573307333	0.895446113333	0.884674864667	0.885893233333	0.882249194	0.871163348	0.903677403333	0.899648645333
Value	16	0.885535757333	0.870547289333	0.855337892667	0.796159054	0.823349691333	0.811344494667	0.802319718667	0.850835309333	0.857575887333	0.791629902	0.858010442	0.816711272667	0.830038446	0.822117727333	0.870464435333	0.793951866	0.792343216	0.810556318	0.877194233333	0.863304274	0.824671691333	0.799027235333	0.790513343333	0.830095864667	0.839686294667	0.853933353333	0.80380994	0.763953937333	0.89430415	0.896325000667	0.792665399333	0.808227413333	0.889998462667	0.859271246	0.856003508	0.868290932667	0.844612528	0.824115584	0.858353133333	0.870996068667	0.867514384667	0.897685566	0.881712343333	0.778900922667	0.794318982	0.800769722667	0.811008194	0.848394446667	0.883696109333	0.760619644	0.843957220667	0.791750224	0.855686735333	0.862484576667	0.875074675333	0.767557155333	0.792517498667	0.838573852	0.88355136	0.87277162	0.831454511333	0.802743502	0.790745984	0.833001782	0.869538918667	0.871681726667	0.798176837333	0.795327273333	0.899927462667	0.902701503333	0.792881753333	0.845021007333	0.885443276667	0.892654638667	0.883283717333	0.852231686	0.845840324667	0.824657693333	0.887083352	0.889739382	0.883674902	0.900384743333	0.884280004667	0.798863624667	0.844976666	0.826778220667	0.843255399333	0.891766953333	0.902816206	0.795785533333	0.872637836	0.840926076	0.879099922	0.877722712	0.893176226667	0.79516145	0.798156358	0.84006714	0.887345547333	0.866794602	0.878043710667	0.849233860667	0.810279796	0.836066283333	0.866129656667	0.878078064	0.800053907333	0.801352996667	0.903852514	0.900480224667	0.795621217333	0.841589516	0.895766729333	0.895586972	0.885089325333	0.889640841333	0.888978214	0.870322188	0.901436046667	0.901744692667
Value	17	0.798581073333	0.802902163333	0.794623207333	0.651728912667	0.701918239333	0.761766318667	0.702759379333	0.817035509333	0.802852140667	0.680249468	0.785956901333	0.710513870667	0.736142231333	0.735420044667	0.757420175333	0.725271973333	0.677959587333	0.706251312	0.779906077333	0.741582734667	0.735301048667	0.709823724667	0.648102642	0.707794412667	0.734501841333	0.792099848667	0.729863604667	0.669945962	0.805085645333	0.820802837333	0.676956903333	0.743428410667	0.792935997333	0.82262321	0.812473342667	0.759894307333	0.758462462	0.735091028	0.791356238667	0.773366328	0.796744190667	0.821965258	0.815914614667	0.725708985333	0.756426448667	0.759248391333	0.766748277333	0.810664856667	0.826985365333	0.677494189333	0.766639764	0.741507405333	0.781546104	0.786193788667	0.795384073333	0.659556855333	0.732419346	0.756018062667	0.764632268	0.782704287333	0.785553650667	0.749368618667	0.727752526	0.749455073333	0.791721606	0.787058915333	0.726808001333	0.675473908	0.825440952	0.802983092667	0.686844972667	0.761868399333	0.799925626667	0.825573484667	0.813176166	0.817165662	0.819825102	0.805565833333	0.792702316667	0.828584796667	0.802986368	0.826786548	0.80921707	0.737993209333	0.763523217333	0.706873441333	0.769396816	0.809506298	0.836348540667	0.731890150667	0.786205197333	0.773167000667	0.801482861333	0.8018907	0.797896794	0.747604324	0.734295322	0.771372898	0.817261842667	0.801691115333	0.798696898667	0.760713742667	0.729250581333	0.78459597	0.796951961333	0.789243572667	0.729475881333	0.741336156667	0.824072008	0.812660750667	0.728838828667	0.765268863333	0.837069004667	0.832639918667	0.823141258667	0.825717599333	0.817358480667	0.788702442	0.834841729333	0.83122184
Value	18	0.767278406667	0.817760507333	0.789681456667	0.735484212	0.768052084	0.754658338667	0.708089454667	0.808459250667	0.797715254	0.682310508667	0.800810148667	0.756689424667	0.777339749333	0.77067189	0.79866472	0.739443968	0.690277253333	0.707505368667	0.797009754667	0.742953216	0.749458345333	0.723270128667	0.676855912	0.714087496667	0.745311716667	0.745428857333	0.686849168	0.68470548	0.785233522	0.784021142	0.683992612	0.761293246	0.796386593333	0.790851248667	0.770662697333	0.771809461333	0.766248922	0.74216185	0.782338625333	0.79548336	0.796100550667	0.781426575333	0.759879093333	0.686714223333	0.722328744667	0.714754090667	0.714116772667	0.768089868	0.82624258	0.743693564	0.784148404	0.764383635333	0.791211358667	0.776545601333	0.80656503	0.742868858667	0.738371168667	0.752503590667	0.795281108667	0.787984931333	0.775864846	0.769357472667	0.738255028667	0.758364319333	0.787792953333	0.791981196667	0.744787560667	0.74688716	0.828377972	0.828278292	0.741273985333	0.773524989333	0.824235214667	0.807829836667	0.804251878	0.812776012	0.807655718667	0.771170885333	0.793537502667	0.797242367333	0.794506362667	0.816870141333	0.789341965333	0.740049664	0.768927926667	0.754000446	0.772278019333	0.807472086667	0.820502423333	0.746798540667	0.794453381333	0.761154416	0.792168592	0.789752768	0.812982732667	0.743410884	0.762402314667	0.770259677333	0.815846659333	0.788089206	0.781563041333	0.768612744	0.747468445333	0.768197002	0.792656349333	0.796218436	0.743369527333	0.743020768	0.829187928	0.827035684667	0.743567906667	0.774365933333	0.832763941333	0.828158767333	0.818594192667	0.808512100667	0.810882333333	0.795619509333	0.813004972667	0.821869839333
Value	19	0.811014795333	0.810630204	0.811130078667	0.752081049333	0.782766255333	0.730109139333	0.78294818	0.830900555333	0.786498003333	0.710246093333	0.802287096667	0.776804400667	0.746066531333	0.750760859333	0.825218634667	0.747060379333	0.705336497333	0.70366163	0.807934059333	0.756370548667	0.754374438	0.732423825333	0.680490943333	0.723382062667	0.797557457333	0.749294675333	0.669167740667	0.669095501333	0.827629672667	0.791457844	0.756749602	0.724453139333	0.813699102667	0.827336902	0.822972468	0.776377819333	0.774148374	0.758385796	0.81120472	0.830298128667	0.808641648667	0.836066728667	0.818935795333	0.664786528667	0.779752904667	0.781747952	0.780947398	0.822418567333	0.822505438	0.673436968667	0.79370942	0.771878481333	0.797770558	0.779099061333	0.817410056667	0.701886387333	0.673175059333	0.778802207333	0.828952985333	0.812855883333	0.741441620667	0.772176012	0.759616356	0.78249856	0.815766723333	0.784444462	0.662851025333	0.752305580667	0.811578195333	0.834135569333	0.664303928667	0.785424756667	0.839429756667	0.841983333333	0.824461496667	0.826574326667	0.829534654667	0.793377468	0.835806287333	0.835427656667	0.806226084667	0.827854523333	0.823826911333	0.751460185333	0.772833438667	0.773161108	0.774479416667	0.824458838667	0.842842096	0.755730382	0.809439214	0.787707932	0.809349546	0.817449574	0.835883842667	0.748937416667	0.753369829333	0.77795744	0.829836861333	0.812335258	0.804408964667	0.784151907333	0.764538957333	0.788424706	0.811830632	0.81352441	0.760881864	0.760691448667	0.846033070667	0.839415651333	0.691130482	0.778983760667	0.841412322667	0.848317304	0.836009082	0.828637222667	0.821377057333	0.803789957333	0.850568145333	0.845958805333
Value	20	0.814676075333	0.777289138	0.802269668667	0.616793988667	0.722705804	0.7520081	0.689336174667	0.833327656667	0.792021215333	0.648322105333	0.801042315333	0.688880345333	0.717226628667	0.748333893333	0.770248905333	0.620207342	0.647648683333	0.680133631333	0.739173838	0.713053252667	0.739418625333	0.688502385333	0.613112731333	0.729477804667	0.792198688667	0.718452991333	0.691691531333	0.64291631	0.785708750667	0.815494273333	0.657649772	0.682825146667	0.840507393333	0.840541040667	0.826771839333	0.746280316667	0.734572208	0.706823722	0.767653036667	0.764408645333	0.819451474667	0.85086277	0.834187173333	0.717591083333	0.78103737	0.728684298667	0.7566826	0.832428870667	0.853313959333	0.649864856667	0.710344334	0.744353987333	0.802773535333	0.716025943333	0.740975136	0.628477575333	0.698191278	0.755430782667	0.830544012	0.742275025333	0.791459192	0.682731941333	0.689796032	0.756903469333	0.731935264	0.790587817333	0.642616381333	0.705406928	0.850598271333	0.851120166	0.700978487333	0.766210016	0.847345340667	0.854754306	0.830187566	0.831953048	0.773491592667	0.773370974	0.844527152	0.786586760667	0.824131327333	0.844466704667	0.831143848	0.710553726	0.76379748	0.721960046	0.761050676	0.828492994	0.853203313333	0.713444278	0.809415308667	0.759479106	0.806703803333	0.821033504	0.840021867333	0.673744642	0.691193612	0.761526086667	0.838436039333	0.804800334	0.797165189333	0.774191923333	0.715555821333	0.767537172	0.810031921333	0.807733543333	0.718795810667	0.713743742	0.855377775333	0.857043874667	0.675375958667	0.747916995333	0.849392563333	0.850833923333	0.834537247333	0.836414943333	0.82924678	0.810658562	0.850842274667	0.847812227333
Value	21	0.824838279333	0.790112465333	0.807248244	0.712989364	0.73265187	0.707780060667	0.771133042	0.771255225333	0.784738596	0.664406646	0.740439801333	0.708028184	0.763549751333	0.738663584	0.820304185333	0.684246050667	0.681212769333	0.71060604	0.761713789333	0.747811546	0.727992535333	0.75482518	0.674700968	0.768804749333	0.745787506	0.783825498667	0.672162202667	0.680020824667	0.790518749333	0.783710830667	0.663750603333	0.760248452	0.846339852667	0.801173340667	0.757152461333	0.763392684	0.756427853333	0.729286125333	0.785363892	0.804188399333	0.823571612	0.844423718667	0.829858536667	0.718036587333	0.770251514	0.746324367333	0.759517297333	0.838249061333	0.854241340667	0.697671619333	0.801865141333	0.702613937333	0.797091975333	0.796253106	0.784453248667	0.707660324	0.692068318667	0.765108672	0.828424985333	0.757980678667	0.789210263333	0.759717041333	0.706942110667	0.748961922667	0.803847960667	0.754983314	0.714864493333	0.727753412667	0.851022412667	0.788737382	0.661703452	0.710363952667	0.845393773333	0.847427433333	0.830888403333	0.830129049333	0.829772474	0.805643310667	0.847427157333	0.849434758667	0.813264692	0.845875310667	0.827282556667	0.721078492	0.773813099333	0.741525248667	0.760918654667	0.837981446	0.851107306667	0.707833031333	0.815866562	0.767914966667	0.813130776667	0.814309802	0.836928371333	0.70284319	0.725919556	0.774292688667	0.837683814	0.814744546667	0.810613634	0.769964774	0.721212826	0.781612528	0.810930946667	0.814569142667	0.719762908667	0.72727182	0.853386435333	0.850985060667	0.69669806	0.760119122	0.850998942	0.850749601333	0.830753901333	0.837195889333	0.843378532667	0.808731677333	0.851723075333	0.851457799333
Value	22	0.830092683333	0.803115809333	0.790683026667	0.71732553	0.693575450667	0.767796823333	0.778378166	0.779008066	0.802633106	0.671372845333	0.805143502667	0.702819364	0.726055547333	0.789894276	0.767473141333	0.648650663333	0.660896279333	0.717675395333	0.815697572	0.736674106667	0.726277346667	0.697236988667	0.662631002	0.768515771333	0.73999682	0.799991848667	0.663373286667	0.627125233333	0.833549748	0.789231808667	0.650536339333	0.722946202667	0.7943536	0.822919241333	0.795280652667	0.828192578667	0.756146637333	0.72757597	0.785445856667	0.819234719333	0.830434863333	0.849617864667	0.841092655333	0.7289298	0.772041734667	0.69256047	0.682374072667	0.812516503333	0.850349467333	0.663526246667	0.796349234	0.758390480667	0.770590908	0.799386413333	0.765465962	0.629223738667	0.724404157333	0.678361334	0.817524868667	0.80997424	0.736446355333	0.706109529333	0.652664321333	0.680750505333	0.776218292667	0.794987826667	0.718439148667	0.716389352	0.857930412667	0.855492126667	0.711315125333	0.774733053333	0.858933846	0.861355609333	0.758150016667	0.817302351333	0.773152608667	0.741034749333	0.789353120667	0.823468226	0.821567213333	0.851596304	0.838674609333	0.715181196	0.759900762667	0.735488746667	0.767699042	0.834108637333	0.858855739333	0.714761200667	0.807210504	0.774898260667	0.805474714	0.811673377333	0.832918207333	0.705255391333	0.715921188667	0.777479122667	0.830307971333	0.818574830667	0.811718224667	0.766121811333	0.704973484	0.777096255333	0.808578931333	0.812025402667	0.715033322	0.722237936	0.857977756	0.858151226	0.695803679333	0.768832884667	0.850295122	0.852914451333	0.834586132	0.836298137333	0.842525900667	0.808354632	0.853356826667	0.856465752
Value	23	0.814189147333	0.794397610667	0.786810887333	0.644995645333	0.697628283333	0.760760158	0.695154369333	0.753978567333	0.823977118	0.625735960667	0.760715421333	0.711094207333	0.780942033333	0.795294191333	0.763768998667	0.648388538667	0.658987883333	0.687273317333	0.756532286667	0.745868676	0.78337467	0.756670159333	0.659043292667	0.754056597333	0.804751028667	0.732828338667	0.699267858	0.649210322667	0.838373425333	0.777909522	0.668712146667	0.706503086	0.779097583333	0.77157753	0.771006536	0.806377972	0.746407609333	0.719281755333	0.779428767333	0.793877387333	0.811179545333	0.839038264	0.824222913333	0.616865237333	0.743039965333	0.75614208	0.765329597333	0.829620243333	0.799990257333	0.695024066667	0.74215359	0.696937070667	0.788799334	0.728719660667	0.744274426667	0.691775884667	0.658686869333	0.67860555	0.801514086667	0.749410669333	0.790584726667	0.755230254667	0.622035786	0.766488906	0.768658447333	0.741378090667	0.703675314667	0.713773372	0.844230052667	0.843095552	0.720810140667	0.769996998667	0.840328792	0.842708936	0.765135726667	0.796517054667	0.803184053333	0.736108627333	0.781672615333	0.763300308	0.807178618	0.838847826667	0.824188044	0.718393432667	0.763761220667	0.739289562667	0.762016951333	0.828510546667	0.842013728667	0.697859539333	0.804776692667	0.761520830667	0.807298336	0.809258759333	0.83713905	0.683376346667	0.715137876667	0.763206726667	0.830820624	0.803519553333	0.801852284	0.764669217333	0.711759910667	0.769216990667	0.808777721333	0.793371502667	0.706986931333	0.698275458	0.849135952	0.843623724	0.686209311333	0.753210539333	0.836360146	0.841311876	0.818327544	0.825600816667	0.825031422	0.805755568667	0.843676628667	0.844147306
Value	24	0.769521964	0.774119306667	0.742863633333	0.686692944	0.67984984	0.66891608	0.683898356667	0.759813478667	0.754921023333	0.694627657333	0.713703684667	0.713261778	0.700824592	0.709008275333	0.782011798667	0.696311737333	0.699850283333	0.682521464667	0.777883492	0.699833939333	0.703634432	0.729961536	0.649498872667	0.677073662	0.712938989333	0.73833234	0.707330650667	0.658316876	0.775239272	0.774967048667	0.645275515333	0.685718756	0.796003920667	0.775256169333	0.740958197333	0.748927992	0.72846554	0.706738472	0.757196480667	0.767239224	0.770988129333	0.804495892667	0.752930788667	0.643632947333	0.724849740667	0.740804651333	0.673618589333	0.757647398667	0.752384104	0.693976482667	0.730652099333	0.726600574667	0.739066094	0.751730155333	0.782911687333	0.691865844667	0.637289552667	0.737404582	0.771893598667	0.752058278	0.744810454	0.727446556667	0.634747248	0.72256671	0.755156750667	0.710261926	0.643847924	0.703817323333	0.805308602667	0.805186215333	0.616465410667	0.741632090667	0.808999612	0.806537739333	0.757290358	0.780532900667	0.748401067333	0.730362378	0.774549446667	0.787126536	0.778176309333	0.801171673333	0.774811588667	0.702260886667	0.740134841333	0.726551441333	0.732183262	0.786942748667	0.813273876	0.713514272	0.767471476	0.744311800667	0.761261242	0.771141314	0.794151674667	0.698194954667	0.703158826	0.738894274667	0.787215058	0.76843174	0.763542676667	0.743189174667	0.698798906667	0.743696784	0.767176468667	0.770734582667	0.69964508	0.71739734	0.814289664667	0.81222894	0.693855514	0.728809874	0.809556820667	0.804110696667	0.787394136667	0.790447844667	0.792692866	0.767641694	0.812629704667	0.811597300667
Value	25	0.840066034	0.835850159333	0.843672590667	0.778864158	0.806436471333	0.795719612667	0.763986848667	0.814513974667	0.862047212667	0.740084678667	0.787105935333	0.753789681333	0.78192246	0.825530438667	0.806754462	0.720087728	0.729997168	0.760278675333	0.82450922	0.783852570667	0.831656866667	0.806966002	0.735865436667	0.806833564	0.833456526667	0.785569709333	0.70634672	0.785910841333	0.867643410667	0.825896121333	0.772719032	0.809307562667	0.827836322	0.833921469333	0.836744437333	0.839076436	0.845448957333	0.83042028	0.827904024	0.822461718	0.837237424	0.858774732667	0.848304528667	0.781367838	0.805725195333	0.752408230667	0.812545104667	0.844693344667	0.853051570667	0.772968692667	0.814049931333	0.794992554667	0.7885802	0.786024162667	0.824635968	0.782219934	0.784988263333	0.759954378	0.848345979333	0.835556477333	0.782552504	0.760620842	0.773335312667	0.804986750667	0.817896466667	0.827860720667	0.777082590667	0.782606471333	0.842532910667	0.859862840667	0.716992160667	0.806135636667	0.860011781333	0.864255716	0.847866101333	0.858104141333	0.850957577333	0.809657588	0.859289906667	0.866120798667	0.840823244	0.856568904667	0.859997791333	0.783083212667	0.801691714	0.802172624	0.803008727333	0.855899238	0.866978096667	0.775552800667	0.829749826	0.807240628667	0.839008154	0.836649363333	0.854685716667	0.773521228667	0.778962949333	0.813061214	0.856394456	0.837790058667	0.833196365333	0.805811464667	0.779130613333	0.809286105333	0.829304627333	0.835975078667	0.770919822	0.781994439333	0.867631769333	0.874610841333	0.771443253333	0.800804716	0.871056072	0.865883334667	0.855375157333	0.852646063333	0.845589376667	0.82665261	0.865672893333	0.869054947333
Value	26	0.798063048	0.788021713333	0.785170968	0.620756559333	0.678073278	0.666449431333	0.675477154667	0.767485076	0.78240564	0.645388297333	0.710560576	0.68214965	0.710453040667	0.714721877333	0.795155697333	0.659235331333	0.65747371	0.679447719333	0.74253982	0.713331771333	0.714968317333	0.743896932	0.649867608	0.665776294	0.724079270667	0.708637068667	0.651241706	0.644780254	0.776807056	0.797652837333	0.623704772	0.744603278	0.794618908667	0.762528188	0.739428406667	0.743454843333	0.763255149333	0.704531882	0.813125292	0.818198888	0.79463781	0.82189976	0.797415928	0.702391761333	0.757104615333	0.676219029333	0.752729412	0.801021463333	0.797153629333	0.70285946	0.744898969333	0.686080328667	0.774666437333	0.708183274667	0.760936229333	0.643270030667	0.652407949333	0.741257462667	0.806052802	0.717389000667	0.715112334667	0.663408203333	0.695869252	0.745322616667	0.784506644667	0.714793248	0.631353346667	0.716171627333	0.825094372	0.822512375333	0.59944671	0.745341418	0.824692223333	0.793642861333	0.796488925333	0.796095704667	0.766899499333	0.73972526	0.776242632	0.796723434667	0.792558456	0.820604866667	0.802001772667	0.698341047333	0.741401624	0.739441019333	0.752003620667	0.811064178667	0.823873296	0.703956221333	0.787142302	0.755278120667	0.788752242	0.788416468	0.816600575333	0.695754506667	0.705092226667	0.745470162	0.814438922667	0.782797922667	0.793238969333	0.743321028	0.714093889333	0.751969934	0.776463450667	0.78514412	0.71844793	0.735900802667	0.829919181333	0.837032792	0.694536318667	0.735839089333	0.818668160667	0.828793854667	0.808293816	0.813336829333	0.808349526667	0.795661072	0.833195584667	0.841799808667
Value	27	0.782373176667	0.786104592	0.747415858	0.634179794	0.738631563333	0.674381810667	0.685979015333	0.763826624667	0.780320550667	0.651288114	0.743010214667	0.725148673333	0.71719346	0.715129902	0.738432751333	0.638149870667	0.655176257333	0.666726164	0.800426652667	0.74582264	0.775635155333	0.667990811333	0.64547308	0.680330172667	0.717665952	0.714629082667	0.637516298	0.646732771333	0.821410986	0.76387081	0.6632083	0.667671624	0.816679379333	0.765918758667	0.735450372667	0.739110075333	0.740043754	0.709476495333	0.805209756	0.803100221333	0.787559488667	0.810126875333	0.794452538	0.720800169333	0.759084906667	0.691322097333	0.752340349333	0.80030014	0.796395802667	0.716183066	0.754890204	0.689090991333	0.769765546667	0.717183200667	0.736223702667	0.640907969333	0.714503644667	0.751732564	0.801507741333	0.719542521333	0.74726146	0.740679606	0.712352648667	0.745548012	0.763403278667	0.770766550667	0.713856078	0.645970113333	0.821025521333	0.817776148	0.716175111333	0.754588534	0.824306004	0.822119324667	0.799227197333	0.808484798667	0.805055349333	0.751432389333	0.814630954	0.812365938	0.782503936667	0.818203024	0.803997623333	0.719914772	0.744190847333	0.741841857333	0.74575112	0.796409480667	0.819710748	0.710819666667	0.776236195333	0.740537021333	0.790752444667	0.779612863333	0.812654191333	0.705122553333	0.723569774667	0.753994320667	0.813952026	0.775706224667	0.783630709333	0.750152293333	0.720522550667	0.744547403333	0.782476935333	0.776234025333	0.725470798	0.724268788	0.824749786667	0.821071394	0.713005021333	0.743944948667	0.817898058	0.825316214667	0.80417214	0.804104144667	0.803558290667	0.779467981333	0.825898862	0.822933364667
Utility	1	0.867975797333	0.866745119333	0.870599634	0.870327693333	0.872474153333	0.865465306	0.878299268667	0.868372502	0.868876218	0.869141916	0.868584714	0.867632234667	0.862098696667	0.870605185333	0.867704765333	0.868871454667	0.877505236667	0.867236814667	0.865780638667	0.873410484	0.866369443333	0.866674392	0.866715782	0.865771832667	0.874165366	0.867801639333	0.868557233333	0.868115548	0.867952889333	0.867832167333	0.866994140667	0.873715450667	0.860314164667	0.873667480667	0.866849182	0.871685841333	0.86833891	0.866725596	0.870939350667	0.874352750667	0.868577936	0.870844604	0.878285519333	0.871492678	0.878766392667	0.868866904	0.881627338	0.875128972667	0.870653437333	0.872310992667	0.881212617333	0.866598100667	0.867422447333	0.87367175	0.874758572667	0.868313232	0.877875042667	0.864334512	0.867146488667	0.874980290667	0.866711918667	0.872018553333	0.878424166667	0.86663785	0.877860502	0.872820027333	0.874533172667	0.875286169333	0.874944279333	0.870289408667	0.874887114667	0.881621094	0.865888097333	0.872854531333	0.877086563333	0.875321814	0.879091297333	0.876415753333	0.878134992	0.881946998667	0.867773477333	0.870813578667	0.878646060667	0.870590653333	0.878999828667	0.869215174	0.88129053	0.874185934667	0.871913128667	0.875697352667	0.881547832	0.866987984	0.871095596667	0.876167162667	0.876155138667	0.870215373333	0.879542866667	0.870236453333	0.865378392	0.882251841333	0.866909886	0.872310466667	0.881219366667	0.867478099333	0.878252153333	0.879502576	0.876409406	0.874072116667	0.87569982	0.868974146	0.873815912	0.882380526667	0.866116461333	0.88270666	0.879112258	0.875259106	0.873148732	0.876226545333	0.880909974	0.882862839333
Utility	2	0.854425602667	0.854958276	0.856069192	0.855361093333	0.854827356667	0.854332279333	0.855090928	0.855398566	0.856197692667	0.854669286667	0.85526357	0.855043494	0.855476552	0.855321716	0.855289861333	0.854908450667	0.854934404	0.854751519333	0.855534522	0.854586826	0.855457199333	0.855114130667	0.854773178	0.854275267333	0.855003449333	0.854415415333	0.854816711333	0.852557816	0.856277322	0.856505401333	0.852690416	0.855117278667	0.8566175	0.855880620667	0.855490050667	0.856444628667	0.854583371333	0.855221062	0.856330821333	0.855682653333	0.854441999333	0.855773342	0.855989648667	0.852495418667	0.85470762	0.852849293333	0.855275003333	0.854213969333	0.854658622667	0.852853545333	0.855281964667	0.853753236667	0.855721269333	0.855958724	0.855737080667	0.853080538667	0.85467726	0.854843037333	0.855701467333	0.854206913333	0.855189472667	0.855300904	0.853687478	0.855821960667	0.855226213333	0.855315807333	0.854660785333	0.854308453333	0.857097062	0.856733580667	0.854220812667	0.854981301333	0.856319477333	0.856164687333	0.855461592	0.855731210667	0.856464308	0.855744114667	0.855739902	0.855513400667	0.854518616	0.855478971333	0.856165256667	0.854599492	0.854899951333	0.854918696	0.855742984	0.856261669333	0.856352649333	0.854750804667	0.856203397333	0.855293638667	0.855424439333	0.855862426667	0.855627079333	0.854801155333	0.855284346	0.855354654667	0.855916252	0.855334986	0.855742266667	0.855224939333	0.854740278667	0.855028542667	0.855847483333	0.855530530667	0.854604538667	0.855243363333	0.85678059	0.85636502	0.854482895333	0.854718784	0.85650826	0.857068056667	0.856866479333	0.856252340667	0.85564862	0.855224617333	0.857534312667	0.854145230667
Utility	3	0.819895354667	0.821330481333	0.822742609333	0.819134859333	0.823086978	0.820107250667	0.819736732	0.824290250667	0.824655196	0.819746078667	0.816603426	0.816488004	0.816144914667	0.817277168	0.82595155	0.818437159333	0.818291418	0.819769896667	0.818900234	0.817916696	0.820600054667	0.815786492667	0.812577975333	0.814450449333	0.817977108	0.822514830667	0.812718053333	0.819820212	0.82113951	0.820507646667	0.814821027333	0.816792790667	0.820503078	0.819871623333	0.81869982	0.819488512	0.818700138667	0.820560372667	0.821623892667	0.82670155	0.82000047	0.824233753333	0.82326341	0.819585346	0.820910162	0.821254472667	0.821729328667	0.824924186	0.827829587333	0.818435753333	0.822850076	0.820337641333	0.820894152667	0.823171078	0.825403445333	0.820597015333	0.819617806	0.820237711333	0.824567405333	0.822814980667	0.821855682	0.821606027333	0.819814528	0.820541247333	0.822512740667	0.82319796	0.818716717333	0.819972471333	0.825682454667	0.82871917	0.818644868	0.814945340667	0.825428528	0.823037302667	0.823985348667	0.825051158667	0.818381828667	0.815900357333	0.820631059333	0.828639800667	0.819630904	0.823164946667	0.823410036667	0.819385893333	0.821685088	0.820161755333	0.820768328	0.825556153333	0.826960874667	0.820057181333	0.823994087333	0.821540058	0.822208008	0.823169912667	0.824600073333	0.818989127333	0.820499244	0.820059334667	0.826799108	0.823985696667	0.823993002667	0.820014809333	0.819720725333	0.820675714	0.825067131333	0.824093306	0.820078488	0.819970602667	0.827931843333	0.826495988667	0.819465130667	0.820813036667	0.827041673333	0.828181094	0.824793733333	0.825351126667	0.824433199333	0.824411937333	0.826896572	0.826306964
Utility	4	0.775154921333	0.766533753333	0.780293632667	0.746059542	0.767010705333	0.759317036667	0.777093122	0.766551228	0.76672731	0.75791993	0.764662657333	0.758505806667	0.765837131333	0.769739007333	0.763372064667	0.747297176667	0.762537832	0.759402590667	0.761875074	0.76134084	0.761428758667	0.764795449333	0.765466984667	0.772979458	0.763901102	0.780143306667	0.755870744	0.745000987333	0.7806244	0.766409106667	0.757948736667	0.759140378	0.789727804667	0.793137781333	0.786294254	0.76766093	0.763872108	0.762917449333	0.789068493333	0.765401976667	0.774109649333	0.792633654	0.789635858667	0.768307642667	0.774760475333	0.768125640667	0.775069871333	0.789713776667	0.799802916	0.751285907333	0.768491997333	0.759334588667	0.780628296667	0.762056126	0.764210669333	0.742359160667	0.769256996	0.750845358	0.769844053333	0.768016328667	0.783285362667	0.773446890667	0.74214173	0.775306522667	0.783430738667	0.763247161333	0.743901452667	0.768980050667	0.798537520667	0.797249791333	0.737365134	0.775196100667	0.800705787333	0.780313580667	0.788134851333	0.79492206	0.768659544667	0.768055462	0.794464898	0.799118740667	0.773547702	0.790771930667	0.7900215	0.767172127333	0.776946087333	0.769180898	0.775526736	0.793059464	0.797025479333	0.770315340667	0.786163685333	0.77522407	0.788988605333	0.788287899333	0.791012779333	0.764575517333	0.770936804	0.776947694	0.796765600667	0.785644957333	0.78721934	0.778207923333	0.771781541333	0.776528875333	0.785041358	0.788072921333	0.768063408667	0.768641696667	0.800064564	0.797173024	0.749853668667	0.777393367333	0.798481327333	0.800026562	0.79399096	0.795427045333	0.796370884	0.78491631	0.801485519333	0.801542135333
Utility	5	0.808833122667	0.799741816	0.804674128667	0.781966462667	0.799655318667	0.80655131	0.807119872	0.808122364667	0.823425856	0.789724670667	0.811429086	0.787321394	0.808725424667	0.799491251333	0.81500381	0.77935129	0.785547260667	0.807998582	0.803282181333	0.798193428	0.809010352	0.796650956	0.781418301333	0.789124404	0.806717839333	0.798195656667	0.781263508667	0.795731428667	0.800998162667	0.815341424	0.794103845333	0.794518416	0.805074475333	0.797130854667	0.804161549333	0.798189361333	0.795263166667	0.796623647333	0.812813940667	0.803684839333	0.808222272	0.821575667333	0.818085703333	0.797336189333	0.808581556	0.803317762	0.808141713333	0.821184278667	0.826782864	0.795371894667	0.810999115333	0.800339256	0.799226602667	0.810136698	0.806969913333	0.776843832667	0.774910604	0.805328017333	0.819980227333	0.799168467333	0.808242113333	0.808087004667	0.797032730667	0.807829275333	0.798542325333	0.809445304	0.797009062	0.774365550667	0.818320628667	0.826687692667	0.777017103333	0.783549846667	0.818999591333	0.818173019333	0.812804578	0.822704662	0.824750585333	0.798503562	0.807558855333	0.822161896	0.808119003333	0.822951658	0.821734512667	0.798596616	0.805762287333	0.803260798	0.805947979333	0.822705000667	0.826140487333	0.798994297333	0.81794624	0.807014406667	0.816295184	0.816819714667	0.827383288667	0.796050604	0.798196274	0.808976292667	0.821766368	0.818477684667	0.816728927333	0.809713396	0.799148238	0.808108826667	0.797589584	0.801074169333	0.796615554	0.798285947333	0.821586297333	0.829072267333	0.799051489333	0.809296252	0.831983553333	0.830216694667	0.824756917333	0.824480538	0.822885284	0.817747744	0.830757995333	0.830110229333
Utility	6	0.878690692	0.869684003333	0.876008721333	0.856658766	0.869150801333	0.873383044667	0.874877022667	0.875438775333	0.88630462	0.864266132667	0.864611928667	0.871064746	0.879183704	0.869340908667	0.866243278667	0.864324484	0.865620033333	0.863897938	0.876378538	0.87147413	0.868097741333	0.864402745333	0.865850455333	0.866426610667	0.877215998667	0.866491003333	0.866539751333	0.864996027333	0.866851147333	0.879117781333	0.865662896	0.866660276	0.865602306667	0.878656628667	0.864389507333	0.875443308667	0.879415936667	0.866603408	0.86426688	0.863356672667	0.879525426667	0.88708684	0.886197472	0.868098022	0.863862035333	0.863275682	0.861533557333	0.884373437333	0.880322158	0.867073273333	0.882710292667	0.869427436667	0.880804317333	0.871557313333	0.883409044667	0.868598246667	0.865552131333	0.873810409333	0.886265694	0.882086904667	0.8731669	0.874750553333	0.865481218667	0.87401631	0.882010168	0.880928628667	0.866578373333	0.867339050667	0.890591378	0.876213984667	0.864525653333	0.873014108667	0.890610432667	0.891345108	0.886170658667	0.887653235333	0.887249034667	0.87273202	0.888537058667	0.892309809333	0.878934478	0.887865762667	0.884506524667	0.86802167	0.874512028	0.870381049333	0.876251097333	0.885983070667	0.893879426667	0.866485218667	0.882235583333	0.873143466667	0.884312861333	0.883423533333	0.883430366667	0.851081017333	0.851741362667	0.861556976667	0.883759615333	0.884601407333	0.88243091	0.875106510667	0.866643665333	0.876385901333	0.884697101333	0.874203396667	0.868786492	0.868119465333	0.894543123333	0.892454416667	0.864492249333	0.878424694667	0.893318194	0.894587184667	0.889093273333	0.888017048	0.889197606667	0.885601320667	0.895109562667	0.878651686667
Utility	7	0.757538919333	0.758026146667	0.755024922	0.746191770667	0.750911380667	0.746846144	0.759479245333	0.763135502667	0.760155891333	0.75679602	0.751991378667	0.748978552667	0.762069654667	0.749301656	0.754316318	0.757485524667	0.755952258667	0.75710078	0.758380275333	0.761225981333	0.758239504	0.758455614667	0.750608131333	0.748378256	0.759740235333	0.751001244	0.754860932667	0.751793468	0.756392684667	0.758416011333	0.751218152667	0.749128254	0.760626165333	0.758731635333	0.761969632667	0.764904939333	0.756792114667	0.758516259333	0.761638158667	0.759008008667	0.755142542	0.756719202667	0.755590047333	0.746849856	0.747076403333	0.757787976667	0.758663590667	0.755098138	0.760196572	0.742663566667	0.763890309333	0.760689456	0.760857346	0.751372798	0.768128787333	0.754137218	0.743735634667	0.758328140667	0.765991737333	0.764862114	0.760579573333	0.748032376667	0.746475011333	0.760455264667	0.765188241333	0.750809038	0.743456635333	0.742574379333	0.771330146667	0.766992891333	0.756387977333	0.760624249333	0.767401596667	0.763920016	0.76089697	0.765244365333	0.753584962667	0.764455612	0.765910229333	0.762492652	0.756635676	0.766027350667	0.763791189333	0.756560850667	0.760897778667	0.756543376667	0.758664992667	0.767537012667	0.76867511	0.755220681333	0.763631739333	0.760918226667	0.762968591333	0.764217652	0.764198608667	0.754456932	0.757868126	0.760954868667	0.767806818	0.749006938667	0.764301867333	0.758888446667	0.757463710667	0.760669934667	0.763134097333	0.764802406	0.755073996667	0.759067669333	0.769971852667	0.766243384667	0.757615454	0.761481389333	0.770743598667	0.770306487333	0.768077524667	0.768973917333	0.768255134	0.750851581333	0.769811733333	0.769845758
Utility	8	0.910555690667	0.89961368	0.909989351333	0.889869374	0.901554066667	0.904505302	0.903754352667	0.906955474667	0.916006262	0.897005970667	0.895893156667	0.903057344	0.910291576667	0.900206578	0.896327918667	0.896517466667	0.892272219333	0.899871157333	0.897267562667	0.905419357333	0.909380264667	0.897285032	0.896643240667	0.894902064	0.906449954	0.897423334667	0.898161022667	0.897379434	0.914675596	0.914739526	0.896957048667	0.898663884	0.905838814	0.895996890667	0.894284245333	0.907128784667	0.909012617333	0.897273452667	0.912014472	0.897478254667	0.910913344667	0.918298123333	0.915089208667	0.900262230667	0.908036665333	0.901286870667	0.906148288667	0.916414339333	0.920418616	0.897621154667	0.910859326	0.899266946667	0.897698278	0.908065567333	0.912751198	0.897222949333	0.890619088	0.906097591333	0.91725641	0.901195885333	0.90986879	0.905359058	0.897838743333	0.902538356667	0.911191381333	0.901978046667	0.898645442	0.898474639333	0.921057314	0.902127459333	0.899451904667	0.898944446667	0.898651418667	0.911742926667	0.911632619333	0.914673704667	0.915638539333	0.910923587333	0.920591	0.92056627	0.910726916	0.918349226	0.91575365	0.899252984667	0.907638217333	0.901725026667	0.906883453333	0.916996292	0.921259933333	0.897855888667	0.913706458667	0.909085436667	0.914319024	0.913365686667	0.917864612	0.897670897333	0.898397866667	0.906449428	0.917856153333	0.91227094	0.911953327333	0.907699394	0.899124208667	0.907876745333	0.914408204	0.912247565333	0.897758678667	0.898880332	0.922234061333	0.921274524667	0.89745112	0.905566035333	0.920846232667	0.920069135333	0.917275547333	0.918787738	0.918513856	0.913511982	0.921538087333	0.921762479333
Utility	9	0.837719538	0.839142526	0.837843324	0.835376464667	0.838430096667	0.838780610667	0.838727614667	0.838277800667	0.839043898667	0.837177762667	0.838566034667	0.838414259333	0.837579078	0.838945238	0.840110252667	0.838509648	0.838227204	0.838534372667	0.837361983333	0.838299264667	0.838892255333	0.837596677333	0.834540732	0.838831320667	0.836436122	0.838971895333	0.835515921333	0.836570015333	0.837892028	0.837214716	0.837983444	0.836687378667	0.83813515	0.839904281333	0.838417341333	0.839386282667	0.839931513333	0.837128302667	0.840013539333	0.839756165333	0.837813456667	0.840484074667	0.840143371333	0.837068262667	0.839037800667	0.838647964667	0.840051156	0.840777598667	0.840486148	0.838081084	0.837538848	0.838886858	0.839593232667	0.839404331333	0.83938987	0.837835476	0.838456972667	0.838998813333	0.836838776	0.839650805333	0.839266867333	0.839539454	0.837658658667	0.837718258667	0.838927924667	0.840034048667	0.838290499333	0.837547494	0.837940150667	0.841824120667	0.837879248667	0.83891577	0.840807526667	0.84007272	0.839858445333	0.840194146667	0.840079935333	0.839641568	0.841077458667	0.841048276667	0.837683998667	0.839870034	0.839811969333	0.837441945333	0.839055832667	0.838340798	0.838614982	0.840246744	0.841558404667	0.837532874667	0.839027717333	0.838780592	0.839074398667	0.840360506667	0.839636493333	0.838700350667	0.837713835333	0.838363392667	0.839866873333	0.838743366667	0.839883254667	0.838663702667	0.838094502667	0.83833566	0.8400557	0.839687535333	0.838481389333	0.838747762667	0.840128776	0.840878322667	0.837655126	0.838522431333	0.840866616	0.840096389333	0.840715311333	0.840397876667	0.840421484667	0.839212595333	0.840876381333	0.841012875333
Utility	10	0.930836383333	0.893862187333	0.897189612	0.843095662667	0.823971577333	0.823351948667	0.911710049333	0.927903955333	0.896631368667	0.838008694667	0.855298422667	0.877782360667	0.919441473333	0.861708008	0.878476909333	0.844159574	0.833667704667	0.824274824667	0.925278331333	0.909391099333	0.859061622	0.823942477333	0.840925444	0.928603955333	0.85780852	0.854840488667	0.865590250667	0.847210105333	0.898593210667	0.911879789333	0.849170474	0.826076674	0.927807640667	0.894382521333	0.897233271333	0.878246470667	0.877796454667	0.855142811333	0.893589466	0.893600144	0.930836383333	0.922920941333	0.916297228	0.871451411333	0.929767295333	0.827933944667	0.912387662667	0.928505200667	0.923861416	0.832434014667	0.929804236	0.82366456	0.854625772	0.905428334667	0.92213572	0.840429724667	0.895964362667	0.91562205	0.930215185333	0.928184536667	0.855780363333	0.879104196667	0.871752717333	0.926600066	0.86589369	0.911020982	0.84051412	0.894387656667	0.930805085333	0.920432848667	0.841591039333	0.928968454667	0.930736538	0.894320721333	0.878348502	0.906132058667	0.912170174	0.901683942667	0.926784314667	0.926922566667	0.930836383333	0.923688499333	0.914431128	0.867696739333	0.928653487333	0.833158425333	0.912612178667	0.929251794667	0.925293713333	0.868785820667	0.930139128	0.927475974667	0.930298341333	0.930268011333	0.930657317333	0.841636414	0.894326660667	0.929351366	0.93074499	0.913922161333	0.925315104	0.920500384	0.891839338	0.929308074667	0.930600031333	0.930439762	0.896641272	0.898650388667	0.930820890667	0.921181766667	0.831032423333	0.928127268667	0.930670532	0.920801922667	0.910825462667	0.913120072	0.915640229333	0.904801658667	0.927694272667	0.926117327333
Utility	11	0.921212798667	0.921845972667	0.922672679333	0.921200121333	0.921659679333	0.921797916	0.921164618667	0.922274873333	0.923628531333	0.920934405333	0.922220389333	0.921817383333	0.921395501333	0.921965697333	0.922439507333	0.919888182667	0.921166081333	0.921391831333	0.922440013333	0.920830606667	0.922188741333	0.919323349333	0.920589107333	0.921386054	0.921736612	0.921872398667	0.920401654667	0.920785476667	0.920766471333	0.922269191333	0.920996847333	0.921371607333	0.923898814667	0.922537530667	0.921801046	0.922548772667	0.922182672667	0.921508426667	0.921670898667	0.922684672667	0.921210884	0.922469581333	0.922633563333	0.920641752	0.921550780667	0.92101405	0.921855229333	0.922766030667	0.923353604	0.921260136667	0.921899661333	0.921494520667	0.921667616667	0.922238481333	0.922766014667	0.920970423333	0.921144306667	0.921629728	0.922642758	0.922420355333	0.921963862667	0.921697089333	0.920705742	0.921524282667	0.921725836667	0.921820064667	0.919873896667	0.921268834667	0.923343048	0.922779444	0.921096914667	0.921545774	0.922848672667	0.922476776	0.922552239333	0.92327537	0.922495349333	0.921959949333	0.923459965333	0.923778064	0.921217666667	0.922641823333	0.922658104667	0.921448970667	0.921488424667	0.921260414667	0.922244630667	0.922916050667	0.923635642	0.920685153333	0.922598924	0.921885367333	0.921788324667	0.921914092	0.923295457333	0.920865604667	0.920877236	0.92117712	0.922729937333	0.922152434	0.922161632667	0.921568769333	0.920624411333	0.920740626	0.922774024667	0.922275575333	0.921114940667	0.921023845333	0.923161641333	0.923568588	0.921129116	0.922170159333	0.923668817333	0.923523951333	0.923113950667	0.923184306	0.922921578	0.921466869333	0.923300259333	0.923040602667
Utility	12	0.825459517333	0.826780210667	0.828957452667	0.824302922	0.818820777333	0.825297310667	0.826576808	0.830572422667	0.830800368	0.824727655333	0.827586822667	0.825758986667	0.827558716667	0.828977084	0.824632678667	0.821365139333	0.8179938	0.825715843333	0.830374454	0.828900003333	0.826782254667	0.825440338	0.821860942	0.825244849333	0.828135736667	0.826285176667	0.824698132	0.816867182	0.829897003333	0.832318432	0.816997522667	0.826685103333	0.832739226	0.830088448	0.823979233333	0.828935614667	0.827406662667	0.825614176	0.831794270667	0.828284744667	0.825451042667	0.831574206667	0.830114210667	0.826377107333	0.826821266667	0.822004584667	0.820124620667	0.828522388667	0.832444233333	0.824545710667	0.826827265333	0.819471939333	0.827432156	0.828696796	0.827498458667	0.824014255333	0.825178844	0.821900260667	0.831606293333	0.829324161333	0.822639046667	0.822653064	0.8246599	0.827339128	0.822791202667	0.819947038	0.819120713333	0.823793631333	0.833910762	0.833084556667	0.825236917333	0.819229482	0.832523648	0.83198367	0.829726528	0.830979682	0.831738962667	0.821247256	0.829216749333	0.832960446	0.825693348	0.830332953333	0.830447443333	0.824767232667	0.827115067333	0.821318654	0.826303524667	0.830542795333	0.832098763333	0.824816218667	0.828994053333	0.828371412	0.822344746	0.828039002667	0.8316578	0.826284209333	0.824317384667	0.827857609333	0.830890169333	0.829654462	0.828989476	0.826650311333	0.825073844	0.827054963333	0.827863716667	0.828625380667	0.827351406667	0.823919605333	0.831471454667	0.833178779333	0.81596836	0.826763596667	0.833179353333	0.833324393333	0.831574138667	0.831567974	0.824242851333	0.829957384	0.831043055333	0.832149261333
Utility	13	0.798174206667	0.799899881333	0.797827800667	0.798858926	0.798662351333	0.796938338	0.799760811333	0.800327076	0.803731942	0.797869876	0.796905867333	0.799402494667	0.797464417333	0.798956573333	0.801706777333	0.799949219333	0.795067288	0.793902775333	0.80101996	0.798877508	0.797501279333	0.796485694667	0.798087112667	0.795690498667	0.797072912	0.796690754	0.798453134667	0.797773938667	0.797311585333	0.798245483333	0.795373638667	0.796754207333	0.800002016667	0.798493164	0.802296666	0.797655976	0.803707088667	0.796763349333	0.800486424667	0.799096597333	0.7981205	0.802660832	0.801539596667	0.797174556	0.800536274	0.799799291333	0.800489630667	0.803161912	0.805236684	0.798133967333	0.801561631333	0.799091498	0.796498416	0.795602659333	0.802653071333	0.797840913333	0.800327105333	0.793856253333	0.796447013333	0.794629331333	0.802554321333	0.799136919333	0.799068132667	0.800916838667	0.801908607333	0.800262033333	0.797865366667	0.792146094	0.803035010667	0.805697372	0.798360684	0.794303705333	0.800684124	0.807306004667	0.80380974	0.802688146667	0.801445994	0.80141837	0.806145598667	0.803152290667	0.798174178	0.803518890667	0.802028930667	0.797323026667	0.800757165333	0.798095402	0.799595268	0.804015521333	0.803871750667	0.798888252	0.799874656	0.799598809333	0.802047686667	0.801656567333	0.803348360667	0.797801006	0.800207354	0.801054514667	0.795812098667	0.802090171333	0.802450862667	0.799341151333	0.799383895333	0.800674762667	0.803829579333	0.802526062	0.797809666667	0.798558113333	0.804292962	0.802862743333	0.798006657333	0.800301268	0.805345366	0.80494557	0.803609018667	0.804169124667	0.803915615333	0.802522997333	0.804617651333	0.80516852
Utility	14	0.908360133333	0.906338798667	0.910487705333	0.897114981333	0.906513284	0.905128206	0.906204358667	0.911289262	0.90894015	0.904322985333	0.907203506667	0.904836454	0.909329664	0.909122314667	0.908845178	0.904196093333	0.904406697333	0.906829740667	0.911244605333	0.906675597333	0.905511384	0.905440330667	0.90465265	0.906561604667	0.905841961333	0.905050376667	0.899629690667	0.904091086667	0.909892555333	0.913207092667	0.904339577333	0.906065564667	0.907539186667	0.912921236	0.913215256	0.908142101333	0.905936231333	0.908908717333	0.90757248	0.91202775	0.908364346667	0.913566136	0.907352404	0.904049078667	0.906428913333	0.907552768	0.907667304	0.91308169	0.910659787333	0.904970308667	0.908095086667	0.905273564	0.910007650667	0.908955492	0.906805480667	0.904544630667	0.897288384	0.906440538	0.912328645333	0.903452043333	0.908478579333	0.907523164	0.904388334	0.908129335333	0.904467823333	0.908420391333	0.904198831333	0.895262029333	0.912364257333	0.915442883333	0.904808581333	0.901509139333	0.915866715333	0.914836584667	0.914333328	0.907834746667	0.910780216	0.911452592667	0.916316741333	0.911019072	0.908146654	0.913759575333	0.911922326667	0.904274900667	0.907491176	0.906539274667	0.90753042	0.913688828667	0.9149188	0.906077029333	0.910426472667	0.907732296667	0.91130301	0.910850968	0.913188884	0.905042594667	0.903971031333	0.908655641333	0.914147408	0.910986540667	0.911561446667	0.908236426	0.904745336667	0.907321592667	0.912001127333	0.910804603333	0.904432943333	0.903786434667	0.915883961333	0.915783968667	0.903916173333	0.908155458	0.915731422	0.91562492	0.912676240667	0.914536935333	0.91401975	0.911963182667	0.916029514667	0.917387052667
Utility	15	0.854508244	0.845519876	0.858518578667	0.843094057333	0.852109872667	0.847503801333	0.843360022667	0.861719988667	0.868034265333	0.837673666667	0.842713797333	0.850529166667	0.856461578667	0.849186966667	0.843515444	0.829986756	0.836008322667	0.850980362	0.863707294667	0.844186306667	0.842200758	0.841682974	0.829504798667	0.852051752667	0.848784613333	0.845467885333	0.842785356667	0.835329908	0.868296228	0.850374987333	0.828517816667	0.846195534667	0.846309340667	0.863833196	0.844189559333	0.842322008	0.858838872667	0.855224848	0.867536725333	0.849061343333	0.855030520667	0.865626024667	0.866425903333	0.823708856667	0.837789054667	0.851177738	0.851687431333	0.856448820667	0.868237848667	0.837397126	0.85906221	0.852589122667	0.852219396667	0.858336818	0.853192224667	0.844394874	0.843670496667	0.84746052	0.863886985333	0.85865224	0.858414133333	0.847265432	0.823661368667	0.854227112	0.860002632667	0.860095174667	0.842086678	0.843840198667	0.870455444	0.856508256667	0.84217829	0.850761952	0.869521328	0.871362449333	0.867255623333	0.867179702	0.866407338667	0.859695956	0.871828761333	0.873133650667	0.856484825333	0.866327269333	0.863939752667	0.843646102	0.851823993333	0.847791372667	0.852387390667	0.862244286667	0.871855736667	0.843223332667	0.859822738667	0.852557659333	0.860235901333	0.860380518667	0.867789218667	0.84258404	0.844697985333	0.853778490667	0.867605024	0.860361129333	0.860986278667	0.852330462667	0.844111272	0.852269758	0.862658990667	0.86159779	0.843908771333	0.844570754667	0.87141453	0.871973092667	0.843145744667	0.853335168667	0.871671138	0.872560300667	0.868235615333	0.867159663333	0.869222998667	0.861551321333	0.874029529333	0.871649112667
Utility	16	0.870128152	0.845341546	0.859282682	0.838204670667	0.839529737333	0.831024573333	0.843230119333	0.847166316	0.836523841333	0.837186228	0.863217116667	0.834863278667	0.829039074	0.826108997333	0.860348412667	0.840974973333	0.835783089333	0.830377251333	0.864920234667	0.861883394667	0.834980429333	0.830465014	0.833102966667	0.851303730667	0.839937054667	0.856267927333	0.839097018	0.833967424667	0.875437035333	0.87686425	0.834070524667	0.828874828667	0.869263746667	0.835526509333	0.853520283333	0.861437322667	0.832954602	0.825119433333	0.830843587333	0.85537315	0.868048589333	0.880000098667	0.871964075333	0.836015812667	0.845330796667	0.840798104	0.834937916667	0.834753394	0.865034418667	0.831098940667	0.862344122	0.84484113	0.852683795333	0.863916071333	0.873381488	0.836790922	0.834901162	0.852565439333	0.875988178667	0.868795229333	0.839968752667	0.842919781333	0.837293918667	0.853373964667	0.866443456	0.867951084	0.840232135333	0.844038323333	0.883998006	0.885326854	0.843290126667	0.85872852	0.866264900667	0.877123881333	0.872157625333	0.843496244667	0.834355353333	0.828584381333	0.867816441333	0.871488844	0.870386934667	0.880613000667	0.877070675333	0.841915018667	0.858251364	0.845565652667	0.856702537333	0.87900238	0.884997911333	0.840828546	0.874471028667	0.862218824	0.873930416667	0.873637208667	0.881308401333	0.835138886	0.841069094667	0.858893129333	0.879277822667	0.869474427333	0.872735270667	0.861713275333	0.842168964667	0.860366288667	0.874025876667	0.873137866	0.841992946667	0.841115712667	0.885890351333	0.886697374667	0.834201497333	0.852422796	0.879668816	0.882134762667	0.876860464667	0.878938884	0.878163672	0.869553605333	0.884750610667	0.88438252
Utility	17	0.788419698667	0.775409737333	0.793495406	0.752500682667	0.767474328	0.785588796	0.764240432	0.807077994	0.788666470667	0.765664944	0.791708974667	0.767259516667	0.771408572667	0.77489702	0.779179943333	0.775810742	0.762783351333	0.768218046667	0.771482319333	0.777095078667	0.779393294667	0.766813437333	0.752615678	0.766011481333	0.775105852667	0.796060292	0.773467542667	0.755153672	0.78601874	0.803968138667	0.76548714	0.770659248667	0.793117172	0.806342217333	0.801110619333	0.778593746	0.772772566	0.769450624667	0.771662124667	0.770475500667	0.787727079333	0.803967856	0.80263651	0.777316274667	0.789199047333	0.778189602667	0.786334605333	0.805813522667	0.814296224	0.760037524667	0.777342369333	0.770954697333	0.789138334	0.794371674	0.784981754667	0.750707523333	0.776228320667	0.787519655333	0.783826349333	0.792940962667	0.795993463333	0.776830586667	0.7766172	0.778764904	0.795633566	0.797522490667	0.777412062	0.755558555333	0.812782885333	0.789089967333	0.765876529333	0.783586316	0.800428432	0.809298162	0.804347109333	0.804731302	0.808202828667	0.797918065333	0.791431260667	0.8075533	0.788336780667	0.806743000667	0.804426981333	0.774991540667	0.792768008	0.767064426	0.784599631333	0.807636106	0.81350868	0.776428096667	0.796522163333	0.788136396667	0.798868015333	0.79671514	0.791265940667	0.773518591333	0.775454324	0.787874462667	0.808556865333	0.799948994	0.801277828	0.788105592	0.777946918	0.786134112	0.800009582667	0.796762975333	0.778565405333	0.779579431333	0.814499098	0.794048657333	0.773074990667	0.785548472	0.815378904	0.814316378	0.808043354	0.808579338667	0.810677926667	0.798151228	0.818883264667	0.815547082667
Utility	18	0.771164633333	0.790331431333	0.772171409333	0.767318041333	0.777740063333	0.771081789333	0.758696051333	0.789110146667	0.787584824	0.745479855333	0.785749395333	0.770457562667	0.771012470667	0.76844486	0.786242932667	0.765640525333	0.755425554	0.755498048	0.781122545333	0.768528941333	0.768978114	0.762180488	0.751636430667	0.758364211333	0.768406468667	0.771013108	0.748712301333	0.751864087333	0.776117775333	0.769770128667	0.751762989333	0.768737626667	0.782545312667	0.773968958	0.776091504667	0.776036131333	0.771242687333	0.765065224	0.767743112	0.766853970667	0.774957256	0.767847511333	0.764843574667	0.755406136667	0.762966303333	0.759893639333	0.75802195	0.77705126	0.795322111333	0.767775230667	0.777626206667	0.774242689333	0.785176507333	0.774810010667	0.789908769333	0.767368082667	0.766392038	0.768878331333	0.786833008667	0.784647847333	0.774316719333	0.775628944	0.764820808	0.774045382667	0.784079117333	0.785919357333	0.768277082	0.769118063333	0.797975097333	0.798825668667	0.763718034	0.778248358667	0.799123116	0.785045410667	0.790113008667	0.792974582667	0.790940533333	0.776520283333	0.77641138	0.773239658667	0.776936700667	0.792211932	0.770951402667	0.766570502667	0.775038566	0.769060490667	0.77417835	0.789684111333	0.79643295	0.767812124667	0.783829584667	0.77653832	0.785450435333	0.787810558	0.794276738667	0.767901968	0.76779403	0.777678016667	0.79325682	0.787247557333	0.776550752667	0.77606204	0.769800890667	0.781168529333	0.783028336667	0.78280952	0.769392726667	0.769531477333	0.799671392667	0.799393621333	0.767759014	0.779919474667	0.797584175333	0.801024352667	0.792805563333	0.792618543333	0.791843954	0.78691178	0.787479950667	0.798559026
Utility	19	0.807148343333	0.800999908	0.814999607333	0.799523517333	0.808106742667	0.792164180667	0.808106677333	0.818795066	0.806383612	0.791418315333	0.813717633333	0.808894832	0.796558157333	0.795864213333	0.816505610667	0.795675434667	0.792246088	0.785467293333	0.807767551333	0.795629613333	0.795993220667	0.794904396667	0.782115914	0.792625756667	0.811892344	0.796452474667	0.781208528667	0.779249730667	0.815441862667	0.800939339333	0.799047925333	0.793307144	0.80068606	0.81714095	0.815694463333	0.805311842	0.802913272667	0.796453732	0.799373064667	0.817593645333	0.807234144	0.819792286667	0.819436534	0.776357967333	0.803455761333	0.806027500667	0.80714747	0.821067408667	0.81279085	0.774994318667	0.809204386	0.805901620667	0.816182938	0.805191502	0.817539294667	0.786670718	0.77743247	0.806140455333	0.822423155333	0.816982320667	0.797011742667	0.800371268667	0.799010668	0.805136158	0.817414771333	0.80729288	0.775661214667	0.798353664	0.80948065	0.821662665333	0.775041536667	0.806315375333	0.829093946667	0.827251094	0.823463685333	0.823282069333	0.822656810667	0.806557770667	0.825645703333	0.826641497333	0.807547313333	0.824357623333	0.818212934667	0.800714117333	0.807341657333	0.803466302667	0.806866047333	0.820218472667	0.824775878667	0.801188084	0.81344294	0.809350680667	0.814583361333	0.815361098667	0.823949505333	0.796451252667	0.798272433333	0.808793392667	0.824420984	0.814321029333	0.814845155333	0.808066254	0.800547738	0.809192754	0.814623758667	0.817700155333	0.802134294667	0.801676401333	0.829929114667	0.827728458	0.785336505333	0.808030414	0.826769228	0.829461734667	0.821514042667	0.822633220667	0.823639718	0.813180156667	0.830352365333	0.825444872
Utility	20	0.807435696667	0.750419349333	0.796287778	0.722731318	0.757151670667	0.782346425333	0.751833920667	0.824307248	0.764729465333	0.744238796667	0.802531292667	0.743886888667	0.737326689333	0.779832000667	0.754918468667	0.730478893333	0.740438336	0.739449896	0.733330642667	0.731502626	0.774359394667	0.742195495333	0.723031256667	0.763313596	0.807091857333	0.742639203333	0.758167575333	0.740120699333	0.754083786667	0.804043148	0.746227361333	0.733833581333	0.818409167333	0.823084476667	0.817847294667	0.747323414	0.733331024667	0.730664676667	0.737892252	0.738143110667	0.805521751333	0.827008203333	0.823587762	0.767620880667	0.793989916667	0.756859962667	0.784447875333	0.827543672667	0.837026046	0.744600536667	0.737938772	0.776795970667	0.809984624	0.746539236667	0.73782178	0.729906131333	0.765237046667	0.792581808	0.824057652	0.747712244667	0.797305294	0.742220302	0.756396393333	0.794843424667	0.759191664667	0.803150360667	0.744220482	0.761497166667	0.833490086667	0.833911238	0.766269752667	0.792840398	0.836312124	0.837515821333	0.828356614	0.827951967333	0.756321695333	0.792227905333	0.827064628667	0.750954256	0.806074082	0.829006239333	0.821495612	0.767772644	0.787980948667	0.758870881333	0.787724946	0.823741583333	0.836455040667	0.765185014	0.812524092	0.796024338667	0.814657597333	0.815438818	0.827782979333	0.744695271333	0.762273671333	0.793286776667	0.829291418667	0.814259690667	0.81474371	0.792711677333	0.76635113	0.796567531333	0.815475648667	0.818069290667	0.768427742	0.768099125333	0.839088172667	0.838615774	0.740299660667	0.789360526667	0.834031884	0.832967724667	0.825794298667	0.828249417333	0.831252888	0.813420291333	0.837760096	0.837329533333
Utility	21	0.814973598667	0.775527154	0.806810744667	0.778394925333	0.776386124667	0.766062895333	0.797474500667	0.779325152	0.767416106667	0.762354493333	0.76988013	0.764241255333	0.794303802	0.773353840667	0.812018371333	0.769530282667	0.769134587333	0.762348484667	0.761057522667	0.786175588667	0.766230238667	0.791837038667	0.769400740667	0.792003152	0.777736978	0.805518352667	0.769617006667	0.770321130667	0.766008396	0.762948844	0.764167456667	0.798019564667	0.829903853333	0.77914655	0.762381793333	0.761373288667	0.759967454	0.759093470667	0.764479616667	0.801258853333	0.81541201	0.831951352	0.82970048	0.780990878667	0.804980681333	0.783138798	0.799704998	0.831130794	0.8387918	0.768551994667	0.8150438	0.770292923333	0.810681461333	0.814633151333	0.787247557333	0.778298624667	0.770514910667	0.798203752667	0.823809000667	0.776685616	0.806887782	0.800026290667	0.781536863333	0.784533794667	0.814255536	0.778419638667	0.779342155333	0.782015104	0.838382857333	0.779888562	0.761893698667	0.771734088	0.826946656	0.831830878667	0.826738292667	0.827804919333	0.830271318667	0.820177764667	0.840749260667	0.838300302	0.815023318	0.830970168	0.829006899333	0.78264781	0.804099822	0.784321674667	0.801708124667	0.830420632667	0.840882884	0.785829596	0.822162429333	0.808167244	0.823086304667	0.823612388667	0.835700527333	0.768029666	0.780508966	0.801183573333	0.831496703333	0.822347344667	0.821705906667	0.806148283333	0.784345876667	0.80595798	0.821183552	0.822265066667	0.783911030667	0.784497161333	0.842515090667	0.840109392	0.768707683333	0.800849506667	0.837381718667	0.837839294667	0.83020122	0.831662684	0.832922262667	0.818206039333	0.842391750667	0.842970122667
Utility	22	0.802118457333	0.761672005333	0.790526024	0.763293846667	0.750922374	0.780718944	0.78142514	0.776361726667	0.756738855333	0.747930388667	0.793999598667	0.749433023333	0.742744074667	0.788475622	0.751928852667	0.734663448	0.742978710667	0.742771512667	0.802415952667	0.744688038667	0.740110466667	0.756192208	0.745402982	0.783542044	0.756521063333	0.793964112	0.745368334667	0.725976818	0.797309220667	0.750379357333	0.740333464667	0.746648736667	0.747713130667	0.790623679333	0.791192086	0.808510297333	0.749198622667	0.739242552	0.745023128	0.790108965333	0.804298558667	0.82542896	0.818759768667	0.766890682667	0.794858365333	0.753363502	0.753420136	0.791925174667	0.822994452	0.747399153333	0.802804851333	0.783356327333	0.772198471333	0.796863718	0.762116459333	0.734429374667	0.762896589333	0.757909364667	0.79402532	0.802260471333	0.753948029333	0.755432306667	0.74298909	0.755373757333	0.779885658	0.797439920667	0.758987333333	0.76265206	0.832051306	0.831506971333	0.768075959333	0.788690373333	0.834658223333	0.832083052667	0.758296815333	0.802112826667	0.755247112667	0.740768599333	0.746973555333	0.79393905	0.802008293333	0.823111465333	0.81949023	0.762035172	0.789769461333	0.76455856	0.784801534667	0.822986446667	0.830764646667	0.762795393333	0.811415479333	0.791479577333	0.812701487333	0.807730615333	0.824232347333	0.747988276	0.762304357333	0.785333751333	0.822576486667	0.809416743333	0.809877404	0.795212544	0.767357716667	0.793212628667	0.810237328	0.814406504	0.763224667333	0.771982745333	0.837870092	0.834277316	0.747325570667	0.785393142667	0.827394038667	0.831087732	0.820283628	0.821176356	0.824379829333	0.809723598	0.831607056667	0.834754554667
Utility	23	0.804106754667	0.767874378	0.789973017333	0.7408256	0.757041492667	0.788672067333	0.756859011333	0.753869512667	0.80257147	0.742229927333	0.770752018667	0.746316204667	0.789789646667	0.80230954	0.763782114667	0.744762016667	0.750875628	0.74980279	0.747521958667	0.770265392667	0.791635140667	0.782750976667	0.751041481333	0.784017440667	0.806758988667	0.760521582	0.760987208	0.749730098667	0.823337134667	0.760179738667	0.754418202	0.743116007333	0.748411151333	0.748284771333	0.777891474667	0.795723004667	0.750654034	0.740147100667	0.749523038	0.782187628	0.806318484	0.823449004	0.816800898667	0.729025118667	0.779838827333	0.786170620667	0.791770862667	0.822559699333	0.778685747333	0.761215842	0.763983732	0.749830245333	0.79761791	0.755220748	0.748401687333	0.757737545333	0.752043472	0.761729666	0.78222621	0.779525856	0.797282151333	0.785799638	0.730875756667	0.789099588	0.800905081333	0.770310728667	0.766263306667	0.770874019333	0.830865641333	0.831731322667	0.770950036	0.790108044667	0.831297658	0.832915482667	0.763482030667	0.797955209333	0.808493156667	0.753600496	0.756310778667	0.751490882667	0.805983133333	0.821126768	0.818599495333	0.770179139333	0.795683214667	0.768011319333	0.787751031333	0.818735096	0.829848250667	0.76766115	0.813020636667	0.796164208667	0.810992014	0.812187434667	0.825298636	0.754496259333	0.762007252	0.789753398	0.821871788667	0.807155480667	0.813296495333	0.794650134667	0.769558296667	0.793552106667	0.812256702667	0.811536206667	0.771967589333	0.773158252667	0.836083383333	0.836048792	0.753949312	0.781774851333	0.826853982667	0.828590529333	0.821953272667	0.819359766667	0.823786777333	0.811891942667	0.831370101333	0.831637204
Utility	24	0.769688554667	0.755624607333	0.766841702667	0.753245736667	0.746258192	0.744405572	0.747607531333	0.755645028	0.751082504667	0.752802699333	0.749228888	0.746256382	0.755862128	0.750173837333	0.773204257333	0.751849762667	0.748358259333	0.746082845333	0.774296505333	0.749112273333	0.747461904	0.758176507333	0.742170334667	0.745559287333	0.755896125333	0.753120022	0.750667694667	0.741596607333	0.774248404	0.758520539333	0.737361063333	0.746155532	0.776388322	0.775630014	0.755365226667	0.749404666	0.747208826	0.755550513333	0.753662635333	0.767004172	0.770603882	0.783042431333	0.770108788667	0.740974406	0.762482836667	0.765798914	0.744284526667	0.760333436667	0.754456601333	0.749776465333	0.753903172	0.758539498	0.754302286	0.766422183333	0.779702904667	0.748341920667	0.731545496	0.765464902	0.766811491333	0.772013601333	0.756448618667	0.760357250667	0.731377512	0.758884735333	0.771177538	0.757735192	0.733995744667	0.754464418667	0.792514069333	0.795582726	0.73220744	0.768059150667	0.792290796667	0.793736199333	0.766802042667	0.785148548667	0.771441888667	0.761219482	0.763354836667	0.782255156667	0.769112016	0.783868515333	0.781942498	0.754919743333	0.767013212667	0.756133384667	0.764966928667	0.785243705333	0.792968932667	0.755493536667	0.779605329333	0.767984292667	0.780134244	0.776627262	0.783413668667	0.752766452667	0.755239545333	0.768387298667	0.786615618	0.779433310667	0.780499496667	0.770263003333	0.757595726667	0.770669948667	0.780930499333	0.781746848667	0.756506631333	0.756363322667	0.795015988	0.796556824	0.750586538	0.769479800667	0.796078173333	0.794172904	0.791464644667	0.788431937333	0.788364296667	0.781221574	0.79386898	0.796110148
Utility	25	0.820662956	0.809649165333	0.824225784	0.811916685333	0.818395777333	0.81187565	0.80587429	0.822012276667	0.835631870667	0.800658602	0.810539068	0.806741690667	0.807507894667	0.823687605333	0.810920524667	0.79258107	0.800224544	0.805195494	0.807915028667	0.810827288667	0.822376447333	0.817622786667	0.799516314	0.818387005333	0.825685488	0.808952594	0.788828568	0.807804736	0.837536368667	0.818447437333	0.804949877333	0.819728658667	0.814511477333	0.80988635	0.825087856	0.827363679333	0.832221319333	0.826218894	0.817857803333	0.810878156667	0.819338124	0.833518712	0.833214549333	0.810447888667	0.81986787	0.804863614667	0.820154192	0.832370273333	0.820104422667	0.807769156	0.815162965333	0.807844117333	0.812230014	0.808143432	0.809543357333	0.807824276667	0.808089628667	0.804292072667	0.829045548667	0.826956929333	0.809058097333	0.805271881333	0.810408499333	0.817248195333	0.815452032667	0.824750941333	0.80940684	0.807659790667	0.814923952	0.833166209333	0.791774072667	0.818640350667	0.839250234667	0.837023854	0.832948480667	0.831885916667	0.835349504667	0.815282866	0.835950118667	0.839001020667	0.818911090667	0.835271884667	0.829855438	0.809169909333	0.818190512	0.812797166	0.817815594	0.83408203	0.837735995333	0.807451292667	0.830371045333	0.818248282667	0.827347396667	0.826002863333	0.835985114	0.807322892	0.808598238	0.819697916	0.832631998	0.827257943333	0.827434284	0.820651975333	0.806630688	0.818555534	0.826924193333	0.829818632667	0.811461202	0.808610846667	0.840135559333	0.840742296667	0.805807007333	0.817978465333	0.838724552667	0.838013434667	0.836488818	0.833863211333	0.834104423333	0.82755084	0.841935006667	0.839737694667
Utility	26	0.759605908	0.739640471333	0.764626460667	0.710157114667	0.729833474667	0.720836197333	0.728102730667	0.743156329333	0.736283148	0.717055948667	0.733492492	0.728034699333	0.745956630667	0.733800534667	0.767843007333	0.725691338667	0.725911471333	0.727830432	0.730331632	0.742726327333	0.732092659333	0.746274459333	0.723533520667	0.725248878667	0.741323964	0.740891703333	0.724609498667	0.72620961	0.73279876	0.763613644667	0.708507810667	0.750511640667	0.757629545333	0.735335726667	0.730115915333	0.749705592	0.737726146667	0.729230680667	0.769045554	0.777933948	0.758879434	0.780432281333	0.780802872667	0.742142174	0.757152912	0.727479135333	0.756737761333	0.783894196	0.760288442	0.739194361333	0.747683127333	0.728479881333	0.763377539333	0.736791236	0.737064432667	0.708902714	0.721243004667	0.751946878	0.777647222667	0.736037546667	0.73154918	0.723758097333	0.73098289	0.749637973333	0.766174079333	0.737232564667	0.707021492	0.739747709333	0.788883442667	0.787789606	0.698351125333	0.756843474667	0.792560336667	0.760180112667	0.772928645333	0.780176944667	0.751629598	0.736279822667	0.738763901333	0.769135204667	0.760155365333	0.780281116667	0.777448548667	0.735566877333	0.762029213333	0.744978606	0.757560471333	0.782856174667	0.795067936667	0.739968437333	0.77021872	0.758836657333	0.769310834	0.775949446667	0.785249244667	0.732734506667	0.742374077333	0.760980616	0.786765836667	0.775689709333	0.77792779	0.762103924667	0.749432457333	0.761114090667	0.775683358	0.772092524667	0.74677539	0.743128526667	0.795847730667	0.797239653333	0.7351881	0.755355578667	0.791940855333	0.793290641333	0.787690564667	0.790227840667	0.783123562	0.775127266	0.795598248667	0.793739514
Utility	27	0.776757463333	0.76142218	0.770523978667	0.731497613333	0.762448071333	0.743994369333	0.748798142667	0.764605433333	0.759479856	0.737308012	0.761051976667	0.754131538667	0.753355825333	0.760356717333	0.761998592667	0.736908624	0.744840092667	0.746070434667	0.790537750667	0.766268076	0.778226062667	0.744548022	0.739789341333	0.748771530667	0.762224311333	0.756085934	0.73291385	0.741996499333	0.799864085333	0.76813701	0.750245679333	0.747525399333	0.798551193333	0.768454713333	0.756893202	0.755320419333	0.755182426	0.753615699333	0.788052236	0.793580847333	0.776457846667	0.796521902667	0.791460372667	0.758904768	0.777223966	0.748644445333	0.774622317333	0.794632771333	0.780305737333	0.763654398667	0.766322119333	0.752157638667	0.784480001333	0.759601782	0.758087919333	0.737329363333	0.762516619333	0.777068188	0.795275292667	0.762064378	0.761865588	0.770014201333	0.764802125333	0.776718668	0.772606295333	0.783616728	0.763027528667	0.742124795333	0.803204640667	0.807078351333	0.760619275333	0.776768001333	0.805379616	0.807887645333	0.794823819333	0.796537884	0.797278919333	0.770804868667	0.797919291333	0.803981044	0.775612630667	0.794029004667	0.795986192667	0.760520508	0.777685252	0.765465367333	0.774750737333	0.792707822667	0.804699616	0.762451892	0.789173054667	0.778107613333	0.790732348667	0.787322776	0.799994032	0.758899189333	0.762769346	0.774690696667	0.802267926667	0.787957518667	0.789796512667	0.775211690667	0.761846163333	0.779002084667	0.788355210667	0.790427306667	0.76171989	0.761336016667	0.808046699333	0.802524426	0.756789111333	0.774409884667	0.806945322	0.806671454	0.798906024667	0.795901366667	0.799731870667	0.785242420667	0.807724962667	0.808513577333
